0.915868	-2.582753	
5.864361	-0.915918	
4.362594	2.187138	
5.814683	-6.842566	
6.679410	-0.181060	
3.849916	-2.124683	
3.131346	-0.712954	
1.650843	5.249330	
5.748661	-4.827930	
1.816058	4.510141	
5.016521	-0.939072	
5.896448	-1.071391	
3.638623	-3.456268	
2.898788	-1.185510	
4.481208	2.172055	
1.410441	0.930272	
3.559683	0.964373	
4.496793	-3.016987	
2.029571	1.629716	
5.084047	2.673842	
1.756832	3.424979	
0.704512	1.009244	
4.925234	-0.628948	
3.402415	2.511579	
6.454462	-3.144622	
3.350599	-4.820851	
6.853990	2.490626	
3.297659	-4.434673	
1.503790	4.437917	
1.081741	0.277561	
4.821717	-5.339629	
7.884883	3.687302	
1.182850	1.014737	
3.964260	-5.534468	
1.532627	-3.828025	
2.229817	-4.938814	
1.290741	0.103106	
6.952805	3.311369	
1.636303	-0.590867	
4.502561	-1.273894	
4.032707	-5.389190	
3.168584	3.528380	
4.215594	2.152799	
2.923414	0.492309	
6.220889	-0.878309	
3.466849	2.620349	
6.226755	-3.925430	
4.576112	-1.477208	
4.191729	-0.125760	
-0.433140	-0.458465	
6.212408	-3.854711	
2.612684	-2.438587	
2.786799	0.935321	
4.623265	-5.502215	
2.736107	-2.011303	
7.277656	-1.502772	
5.157890	-4.404810	
4.505950	-2.692718	
4.429125	1.535498	
5.459221	1.316301	
3.508478	2.101176	
8.008139	2.814972	
7.482747	5.589470	
3.277713	3.535130	
1.543250	6.721117	
5.274699	1.468503	
2.106935	-0.907889	
2.053475	-2.157944	
2.881992	-0.033671	
3.375292	-1.158909	
3.326287	-2.375692	
6.325239	-2.969209	
3.434294	1.607393	
3.535576	2.037484	
6.335059	3.108481	
1.658293	5.509407	
3.990581	-1.387324	
2.119533	1.848073	
3.899545	-1.437639	
4.648217	4.991586	
5.027173	-1.110642	
4.515168	-1.253541	
7.254630	0.684796	
3.843013	2.059882	
7.197259	0.777945	
3.323114	0.259309	
-1.638052	-1.353384	
4.948762	-5.468137	
3.498802	-1.107130	
1.432607	-1.366604	
5.164247	1.935325	
5.832415	-4.472944	
1.644476	-1.795243	
6.160569	1.311776	
2.972310	-0.632565	
1.481949	-1.450161	
6.463304	-0.646960	
2.961176	2.550065	
2.758994	5.666602	
1.281885	-0.188127	
5.414512	2.347813	
1.485482	2.149243	
2.427715	0.360401	
3.042923	1.686574	
1.669127	-0.021106	
4.080108	0.119594	
4.845514	0.888437	
4.763478	-3.983743	
4.192140	0.855230	
3.464274	0.402231	
1.342322	1.596793	
5.328809	-0.403439	
4.282816	-1.529658	
7.923363	-4.275266	
6.996044	-4.312176	
4.283191	-1.042020	
7.328721	0.033500	
4.283714	0.448230	
-1.033938	3.436162	
7.941587	3.112533	
5.144322	0.022786	
0.537124	1.929312	
3.730912	3.648181	
2.967047	1.702783	
5.106658	0.786203	
3.636225	-2.189506	
2.293078	0.070118	
1.813508	-4.197561	
2.322564	1.787607	
2.521817	0.507440	
2.573095	-0.749685	
1.721806	-1.682421	
6.017121	-0.383569	
2.960493	0.699504	
0.404758	-1.663112	
3.809918	-0.209053	
4.674466	-3.187482	
2.393168	0.883933	
5.342248	2.775935	
6.383354	-0.769590	
2.702325	-1.936124	
4.904531	-1.224663	
5.258224	-2.960380	
4.549928	1.539575	
0.950381	2.626301	
1.351759	2.436262	
2.389602	-4.979439	
4.408980	0.676246	
1.320261	0.243857	
2.865102	2.977875	
4.880014	4.974279	
5.928572	-0.576459	
2.983426	-2.376312	
3.854096	3.568634	
4.702931	-1.968524	
2.189406	5.274738	
4.622379	3.507629	
3.791789	1.436684	
10.618815	-3.293860	
5.293629	-2.435540	
5.088430	0.328591	
3.790434	1.660535	
5.016417	-2.792405	
2.513877	2.829098	
2.988042	-0.820561	
2.191445	0.826401	
3.599540	0.632918	
5.002807	-5.778042	
5.475735	3.710463	
7.311698	-2.904026	
2.775558	-4.479647	
7.553362	7.070620	
2.054084	4.980806	
6.701971	1.564504	
1.251148	4.412399	
0.781288	8.051590	
3.286373	-2.187429	
2.615885	4.466585	
6.708106	0.462202	
2.060492	2.326064	
5.368776	1.360686	
6.699273	-2.207075	
0.558053	-6.551316	
6.051429	1.820911	
3.276692	0.344148	
5.215200	1.411189	
3.141621	-6.889529	
-0.004201	-0.454616	
4.963912	-2.966990	
2.812035	-3.493363	
4.481724	2.508155	
5.263452	1.820721	
5.782123	2.112455	
2.502856	-2.112635	
1.156532	5.294954	
1.808841	-1.883034	
4.409792	-1.288242	
9.364137	-2.547465	
3.974581	-0.908588	
4.152213	3.001977	
3.313173	2.289864	
1.522028	-3.862217	
4.907342	-1.919566	
7.049849	6.986588	
3.331567	-0.543586	
1.628096	4.941995	
1.914118	4.095986	
4.792117	-6.882754	
4.325868	2.786058	
4.902257	-2.494729	
1.859834	-1.889829	
5.482733	1.757488	
7.523625	6.067234	
3.727584	1.824901	
3.145186	2.087945	
3.147609	2.930185	
2.551708	-3.877704	
3.696189	-1.052210	
3.794359	0.429382	
3.883044	0.905888	
7.070386	5.022172	
2.871848	3.258135	
5.196841	-2.159723	
5.455776	-4.138240	
2.375378	0.785665	
1.416346	1.675810	
0.073793	0.185761	
7.831217	0.946870	
0.782683	-1.214560	
5.352542	0.857150	
4.216234	-1.191131	
3.474483	0.390115	
5.537819	-10.448021	
3.472208	1.848608	
3.508337	1.058984	
1.651915	-6.714876	
3.465828	0.991682	
4.657117	-2.270763	
1.828500	1.742648	
2.538838	-0.626358	
5.802847	0.345340	
4.547884	3.044228	
3.676576	-0.377840	
5.981316	-0.317261	
4.520907	3.404259	
5.760787	2.158932	
3.658448	2.395035	
5.769160	3.641339	
3.340872	-1.706158	
5.949474	-7.325771	
3.952021	3.163857	
3.859453	-6.978984	
7.824356	1.831544	
3.479564	-1.767815	
5.243545	-0.796425	
4.780815	-1.345710	
7.450412	1.552642	
2.150862	0.306211	
4.617329	-3.325021	
2.281813	2.279543	
3.358838	-4.727024	
2.525985	4.181441	
5.571966	-2.415240	
5.673518	-1.663443	
3.501516	-5.500607	
0.594213	1.024962	
1.055015	1.841088	
3.922923	0.590653	
1.784803	3.283231	
1.737693	-0.933913	
2.334603	-0.711062	
3.437160	7.082051	
2.570276	-5.748782	
2.489866	-1.346890	
3.305673	-2.347763	
3.490145	-3.004762	
3.419387	1.107892	
2.102685	-0.411794	
4.292836	2.562149	
2.436843	-0.788470	
1.140480	-3.380161	
7.037271	-0.987075	
4.426125	1.920333	
4.454804	1.270558	
4.908303	3.773083	
3.012428	-1.164084	
3.053587	-0.380150	
4.844692	1.644388	
8.241212	1.394252	
0.766520	0.689711	
3.785631	0.717598	
0.830450	5.025750	
2.327511	-0.979845	
3.781812	2.857035	
5.100530	-0.840575	
4.597182	0.656379	
0.435959	0.767007	
7.697272	-2.834713	
4.309856	-4.625509	
-0.584228	-2.147694	
2.436619	4.494044	
2.353352	5.053691	
0.334203	0.553771	
2.112150	-0.745040	
6.688493	1.339544	
3.261349	3.112357	
4.101760	3.027701	
3.938287	-0.653630	
4.295802	-1.102245	
3.785554	-1.542123	
2.125097	0.813637	
1.189947	-4.165369	
4.651055	3.934748	
3.851732	-2.834649	
3.480991	-0.216746	
1.280380	3.764729	
1.496135	-2.290642	
4.660806	0.209887	
1.918831	-2.425027	
2.265286	4.324491	
3.250778	1.593781	
3.143548	-2.419031	
3.344940	3.222233	
2.006889	-0.164728	
3.644666	-3.874056	
1.350930	-5.266022	
3.461444	1.591090	
2.926322	-1.505986	
5.754792	-1.554063	
4.252353	1.798122	
2.938847	-0.363273	
4.423425	-1.310868	
4.442467	-2.526297	
5.872512	3.057416	
4.279956	2.172100	
5.169579	-3.543946	
0.915568	-1.052819	
5.527558	3.160635	
5.802972	-4.404693	
0.272398	2.848324	
4.569907	-3.285729	
6.445920	1.799247	
3.866440	-2.079986	
3.459907	-1.915829	
0.789370	-3.130972	
4.224171	-7.812469	
5.494511	0.225497	
4.110386	3.469968	
0.872873	-7.489817	
3.271753	-6.224723	
6.125222	2.904127	
4.203958	-0.530835	
7.317352	3.137665	
2.880384	-3.277346	
7.993258	-1.757429	
2.671886	0.276063	
3.342307	-0.229352	
4.600088	2.498431	
2.867634	-0.226528	
3.290968	0.229418	
6.556806	5.722677	
2.600017	2.000944	
7.088450	-5.450084	
2.952053	-1.029959	
2.913716	-1.675724	
3.883592	0.278818	
4.467464	-1.992404	
4.530352	-3.039348	
8.156980	-4.342229	
5.549272	-2.397693	
6.444816	-1.675116	
5.889690	-4.075016	
3.717632	-2.448218	
0.119713	-1.341013	
2.406018	1.134129	
5.461873	3.522661	
2.447617	1.309020	
3.077102	-0.099552	
4.372317	-2.068965	
4.458889	3.731913	
3.721552	1.115275	
1.196579	0.016242	
4.630213	2.837994	
3.111710	5.232091	
6.961408	-2.977758	
3.263639	-3.126928	
1.258621	-1.682910	
3.209405	-8.847813	
6.693876	1.428512	
4.010060	0.611122	
5.068729	4.509800	
3.585805	3.496473	
8.081149	-5.073679	
5.576216	0.927917	
1.530108	2.069923	
3.826459	0.227472	
2.547355	1.908894	
3.744746	-0.845818	
2.321261	0.635799	
6.835736	0.086179	
0.771343	1.229484	
3.283389	2.716951	
5.491780	0.408845	
3.932850	2.223562	
3.804603	0.433504	
2.148544	-5.630633	
2.068035	-1.604567	
5.680847	5.793533	
4.395601	-2.342375	
3.538176	-3.028912	
3.667116	5.940144	
2.314355	-1.231876	
5.874579	-4.949513	
0.166632	2.712807	
4.827227	-0.982816	
4.700563	-3.694270	
3.556295	4.426514	
8.495299	0.558188	
2.788564	-4.143702	
7.565875	-1.611119	
0.586144	-0.709279	
2.645019	-2.792395	
4.898768	-5.953459	
7.455073	6.822071	
1.789635	1.297895	
3.342086	6.943468	
5.748060	-3.669898	
4.809920	1.374772	
7.457210	5.266562	
-0.153799	-3.426524	
2.919929	0.613172	
7.164737	-0.611094	
0.260042	3.452288	
2.771446	-0.860713	
4.190658	2.772019	
2.110488	-2.483719	
6.092143	2.952886	
8.368494	0.196684	
5.034595	-4.717343	
4.337566	-0.058317	
1.248589	-2.480578	
4.977062	5.719533	
1.950314	-1.458540	
4.476061	6.057766	
4.507325	0.054917	
0.737715	1.719208	
4.619056	5.134834	
4.814501	5.376604	
1.675068	-4.323351	
3.383990	-5.757862	
5.599603	-0.832664	
3.766800	-0.638125	
5.514203	2.013638	
5.522522	0.796080	
7.648411	1.662898	
4.968539	0.513164	
1.946987	-2.794973	
0.976202	6.118901	
3.638385	3.929964	
-1.227170	-0.253806	
4.394726	-1.114167	
3.697214	-0.871684	
3.636280	1.348930	
1.144316	-1.644998	
3.435932	-1.253766	
4.595415	-2.672238	
3.338549	-3.720385	
4.657105	-1.010842	
3.651905	-1.423245	
0.698786	-0.904901	
5.023644	-4.008862	
6.874324	-4.703296	
6.502291	2.364050	
4.844552	-2.578736	
1.046884	3.948012	
4.361694	-1.451179	
6.077614	2.143021	
5.865011	2.172570	
6.033407	3.039920	
5.941142	-0.573019	
5.651097	-1.417730	
4.382034	-6.180418	
3.980341	-2.105657	
3.351017	-0.971341	
6.672651	1.249505	
5.592138	0.638854	
4.515743	0.946366	
2.403124	2.291198	
2.761286	0.943157	
3.873401	-3.863563	
5.911914	1.288391	
9.468300	-0.081624	
4.944630	4.561060	
-1.325935	2.026346	
3.072072	2.566839	
0.605570	2.640223	
6.459193	-1.042329	
4.922780	-2.851445	
3.070201	1.142287	
1.576088	0.443799	
6.562655	1.408227	
3.194820	-3.691120	
1.693351	5.470265	
-2.019610	1.607179	
3.362166	3.913753	
8.046291	-2.696219	
2.673347	0.340092	
5.292522	3.850785	
1.568064	3.213271	
3.408856	-5.481694	
2.117241	-4.244390	
0.931115	-0.810088	
-0.091569	-2.364858	
2.783297	-6.060341	
4.944700	4.123817	
4.782771	0.420202	
6.356770	-0.625915	
4.995350	-1.913917	
5.575774	-0.774395	
4.907191	-1.663220	
6.203101	1.046462	
8.316591	-4.957893	
2.945750	2.622851	
5.489200	3.817113	
8.640743	2.069828	
5.625756	-3.617064	
2.367013	1.384735	
-1.418415	0.737497	
4.125699	-2.614147	
4.670534	-5.908446	
5.575827	-6.039751	
6.842937	-2.958875	
7.055748	1.848811	
2.657200	-2.926935	
3.775519	3.306398	
2.009127	-0.023069	
2.530694	4.249542	
5.934197	6.949742	
7.253318	-1.195143	
3.178407	-2.051630	
5.555477	-3.488920	
7.542147	0.276233	
3.389115	2.808361	
6.871863	-0.382002	
-0.547010	-6.103475	
3.900281	2.102135	
3.525051	3.033853	
6.686309	-0.289640	
6.158428	2.465427	
5.133997	-1.713738	
5.430855	-2.784152	
1.964624	-0.483789	
4.626638	-0.908627	
3.627555	-3.153454	
2.189369	1.199467	
2.127923	-2.156917	
3.531318	1.253669	
4.457389	7.039411	
3.794322	0.596438	
1.972041	-0.727242	
4.782669	4.217334	
3.180920	-1.897006	
4.792974	-7.148073	
7.797505	-2.842256	
2.986000	3.584231	
3.152952	-4.525253	
5.234075	-0.511105	
4.591491	-8.303725	
3.715024	3.546490	
5.190655	-4.381017	
5.836553	1.162179	
6.755388	1.884014	
8.838905	3.408861	
1.663505	-0.677322	
4.897613	-0.542071	
-0.734419	1.402879	
4.109413	-1.177393	
5.737241	0.816681	
3.525120	5.453921	
4.811566	3.460216	
4.047429	-2.980981	
4.639956	3.202462	
4.417988	-1.261816	
0.531192	-2.312154	
1.269004	2.252693	
2.367956	5.351526	
1.971439	2.193132	
2.721911	5.315379	
5.583080	5.172146	
4.485491	-1.368715	
2.065882	3.745024	
4.243758	-3.164136	
3.536472	0.807688	
4.677080	-2.795832	
3.321596	0.594184	
1.544456	3.599754	
6.251871	-2.279644	
4.103249	-0.835634	
6.361771	5.432543	
4.495301	-2.777962	
5.454652	2.019220	
3.583362	-2.422048	
1.411667	2.291008	
6.216928	-2.348219	
5.068485	1.651264	
1.947382	0.541669	
1.755295	0.123119	
3.379624	0.470675	
2.092835	2.900716	
3.014240	-3.512779	
2.014399	0.797749	
3.710560	-1.819868	
6.545304	-3.424142	
5.582736	-6.040665	
4.088841	-1.026323	
7.251357	1.596594	
4.051553	-2.158592	
2.352062	-1.610772	
4.051238	-3.224330	
2.341861	-0.148662	
5.580253	1.269227	
2.663905	-0.623902	
0.165671	1.983299	
3.620230	-6.839877	
4.866331	3.274699	
1.077135	-0.311797	
2.360555	1.173984	
3.197818	-2.939889	
6.700973	-0.934171	
5.478057	-0.508743	
5.813037	-0.422315	
4.901341	6.280740	
5.539136	-3.739895	
4.210316	-1.881366	
4.406675	2.018000	
6.559313	-0.937750	
8.398006	-0.922030	
6.426870	-0.795568	
1.873247	1.183352	
4.807133	-0.496253	
6.590247	0.676394	
2.401410	-4.868099	
0.198014	1.390038	
6.435895	1.148200	
9.996616	1.720653	
1.891466	-2.976620	
1.321265	5.292291	
7.050444	4.324540	
4.381707	-1.593378	
1.840491	-1.161398	
4.637315	0.653277	
4.463459	-4.435879	
5.042585	0.724311	
3.665126	-2.924606	
6.808672	-0.649624	
3.598346	1.980926	
2.763468	-1.101204	
-0.239679	-2.421061	
1.498170	3.322825	
4.129857	1.207026	
6.022364	1.810836	
-0.245069	4.608660	
3.598585	0.166680	
2.115986	-0.495693	
4.524624	0.685268	
2.427796	1.980293	
-0.140061	3.104638	
8.664461	-6.401161	
1.059137	-6.587994	
7.249115	-5.473611	
3.058989	-1.084900	
1.675532	1.226446	
2.657137	0.462110	
4.832441	1.550851	
2.685996	2.969761	
2.958326	-8.183528	
2.880899	-3.572228	
4.382693	3.186163	
1.238651	2.844995	
5.423793	0.678303	
5.381043	-7.178961	
5.304392	2.879210	
4.294777	0.218225	
4.685249	3.061311	
3.493960	-7.603040	
6.225606	5.728136	
5.841393	6.623601	
7.187607	1.685415	
5.916356	-1.214362	
1.631459	1.666459	
5.124390	-0.358980	
3.293497	4.141094	
8.559613	-0.723125	
3.162592	-0.366254	
6.169285	3.491549	
2.921114	1.522535	
4.348469	-0.493858	
4.670585	-0.668554	
3.687177	-1.292108	
6.326505	1.078467	
5.979171	2.569310	
6.108045	-0.841438	
4.578394	4.673279	
2.836473	-1.558939	
2.785182	-1.526598	
4.581178	0.749863	
3.755006	-2.423250	
6.879355	-3.452078	
3.362476	-4.696772	
6.186867	-0.060240	
7.039432	-1.344200	
5.406108	-0.365183	
2.944642	-2.880786	
3.404592	1.257828	
1.365333	-2.997736	
0.828610	-5.029827	
3.497958	1.028747	
3.709419	-1.426663	
1.041109	1.008169	
2.391823	-1.632704	
3.068096	4.289609	
0.486975	6.179012	
8.161299	-7.626724	
1.494494	3.896909	
3.714623	-3.666784	
2.029703	2.566152	
7.678316	2.537090	
5.282432	-3.052691	
3.190761	-2.222493	
6.209065	2.872448	
2.477594	0.516442	
2.472343	-2.193013	
6.555470	-1.319944	
5.322620	0.053482	
4.623980	3.072101	
4.761134	5.506872	
-0.097273	-1.447135	
4.036657	-2.610713	
1.275794	3.286097	
2.824454	3.669225	
0.969330	0.391471	
7.720090	8.185466	
4.886570	-1.144358	
4.942163	1.350242	
4.155466	0.276472	
5.611254	-1.342013	
4.305136	7.361473	
1.420093	-1.656455	
3.598446	-0.762852	
2.826175	2.126914	
5.469515	1.080788	
5.989084	4.919886	
3.109273	-4.481652	
3.835622	-6.659853	
3.576668	-0.067287	
3.668473	-0.348836	
4.733219	-1.414844	
4.379707	-5.964132	
3.830026	0.286486	
3.224223	-0.416182	
5.735999	-0.600688	
7.227567	-1.747820	
5.749994	-2.539854	
2.923377	3.490950	
2.587721	-2.515780	
3.772226	1.177362	
5.151952	2.638480	
6.196153	0.123346	
2.895464	-1.899517	
2.335482	0.187510	
3.356915	-0.791091	
0.719726	-1.781273	
0.237200	-3.672728	
9.473727	4.035080	
5.431982	-4.633093	
2.862738	0.531911	
1.315900	2.177138	
0.941221	2.405871	
3.593693	0.985268	
2.257497	-3.574476	
2.220384	-5.272951	
4.597168	0.209085	
2.568039	-0.278379	
6.290020	-2.053820	
2.311872	-2.756073	
6.957386	2.349727	
2.188253	-4.754067	
3.180029	-3.783382	
7.551426	2.611817	
5.527512	-0.997631	
3.594197	-2.902287	
3.628094	1.749782	
3.078145	3.088787	
3.142163	-3.952382	
3.881792	-0.403840	
6.047236	0.672540	
4.951282	-3.908127	
3.100325	2.065013	
3.418347	-1.279420	
4.186916	3.175563	
1.466881	2.024049	
4.107880	2.183186	
5.024094	-3.271132	
3.885489	1.389417	
5.660972	-5.271431	
6.803384	-1.071287	
4.010095	-0.312265	
0.501780	-1.105752	
5.639552	-5.196032	
0.395758	-3.646234	
2.961970	-1.719697	
4.570987	0.338812	
3.692883	1.888672	
4.755686	-1.649202	
5.214838	-1.165797	
1.300840	-2.329361	
7.150307	1.502420	
-0.544470	-2.031097	
5.525640	1.759180	
4.566970	4.192014	
3.798694	2.555867	
4.166615	2.321659	
4.159301	-0.231037	
2.353804	2.558591	
3.779396	-0.829659	
4.269927	-2.596418	
7.523896	-3.454277	
4.958814	-1.599332	
6.484690	2.386681	
4.708221	-2.562331	
0.292623	2.495657	
1.458073	8.490919	
4.649339	-1.653136	
5.675254	1.341265	
6.852739	-0.557145	
6.160466	0.781022	
3.730422	3.777158	
4.657176	-2.401337	
2.115460	1.166169	
4.820440	3.092258	
3.944723	-3.938654	
6.935803	3.639683	
8.134704	-2.221346	
2.789763	6.614518	
3.617008	0.620595	
5.227797	-0.346961	
4.430796	2.036852	
3.747357	-5.217183	
7.339876	-2.080852	
-0.509488	-2.786378	
7.464140	2.115131	
7.976418	1.533981	
4.297202	1.446986	
1.141558	-3.083585	
1.921033	-0.447581	
6.841756	1.028137	
3.987717	3.085607	
3.228881	-3.479249	
7.013771	-3.375143	
-3.511493	-2.678295	
1.550247	-4.580205	
3.957154	2.625055	
2.974947	-0.845566	
5.751965	3.901584	
0.663774	0.561782	
2.267276	1.986377	
1.841982	-1.934319	
1.880049	7.010781	
5.235663	-1.554311	
1.975222	0.441081	
2.385930	-1.836251	
5.096251	-0.982865	
4.344315	0.271848	
1.659009	-4.766619	
4.317467	-3.050392	
0.985078	-2.711416	
1.828012	1.967360	
4.534483	2.259702	
2.101816	1.308285	
4.096747	4.414292	
4.348574	-1.374845	
4.284573	-6.746784	
4.565915	4.593192	
3.056770	-3.979455	
6.661203	3.604098	
2.605396	-6.728708	
2.052881	-1.536863	
2.696846	-8.066825	
1.926315	-0.590098	
6.018339	-0.733513	
3.657841	1.050871	
5.486380	-1.713478	
3.325217	4.741242	
7.251595	2.531416	
3.897813	-3.987806	
2.887540	-2.411772	
5.015141	-0.246100	
3.062756	-0.072701	
3.815565	4.692080	
4.730622	0.502280	
3.199520	0.893329	
1.556469	-0.381820	
6.267305	-2.819203	
4.753022	-1.823702	
1.531095	0.012070	
3.231588	-0.768737	
2.472429	0.529388	
-0.661503	-2.452183	
5.294768	1.657809	
5.405909	3.318917	
4.005384	-1.294006	
4.211731	-1.445532	
3.732309	1.358732	
5.449517	-1.323994	
6.534806	1.415441	
1.379713	-4.183142	
5.522092	-1.337999	
1.717950	-1.967157	
3.381773	3.545254	
4.757165	-2.397734	
2.465597	-0.710469	
0.238167	0.611671	
4.223791	2.341965	
5.560432	3.650560	
0.454536	-4.833998	
0.628162	0.671292	
5.159288	3.299227	
4.762143	-0.908955	
2.244737	-2.300843	
5.719735	-6.394506	
3.355927	2.917366	
5.856440	0.767113	
2.689335	-0.669016	
2.973052	0.115371	
2.713592	4.589457	
6.476130	1.157701	
5.041503	2.332669	
4.224348	-3.901439	
1.972963	1.126543	
5.190584	0.095542	
6.982693	-0.287755	
1.902776	0.255723	
3.920197	-3.705231	
4.313651	1.772581	
2.195574	1.630796	
5.888658	-0.533880	
4.636235	-0.896149	
2.457964	2.531645	
3.131266	2.808597	
4.686385	1.379891	
6.154611	2.016989	
3.067025	-0.708210	
4.422449	4.773887	
4.093705	2.577217	
8.867372	-0.067105	
4.551164	-0.374562	
4.761494	2.970304	
3.733958	1.880617	
7.143307	-1.132129	
5.997590	-3.384040	
1.976946	-6.044370	
2.621112	-0.190095	
6.126298	-3.981389	
4.166990	3.401088	
2.521740	-0.307936	
3.998442	4.324476	
2.344958	2.364452	
6.337688	-8.150665	
4.014388	-2.200950	
4.641306	3.527685	
7.835950	-4.132620	
1.869335	-3.646988	
6.862235	-3.173519	
4.164590	-1.374213	
-0.443986	1.065748	
5.656516	2.090590	
3.994274	-0.326029	
3.560866	-1.571818	
1.018876	5.872229	
-1.576469	2.011828	
3.097091	-0.211971	
6.700624	-1.155655	
4.653592	1.542713	
4.591258	0.583346	
4.952806	3.177780	
5.353336	-4.173409	
6.571420	0.425270	
4.442447	1.170507	
5.299889	-3.572206	
5.189780	-0.165720	
3.944836	-3.457472	
3.959265	2.814086	
7.288181	-2.473826	
6.988632	-0.240695	
-0.820105	-3.728960	
5.761750	-2.031060	
2.306254	0.329611	
3.606610	2.993320	
-0.095860	-1.252596	
1.116555	1.907578	
21.658907	-4.902819	
21.058019	-5.145409	
17.909343	-6.647821	
19.762261	-4.032514	
23.027666	-5.649139	
21.077126	-3.163121	
22.162199	-5.928079	
21.354959	-4.675681	
18.813230	-3.270592	
17.094189	-4.708617	
18.726553	-6.228511	
18.798577	-4.766059	
18.215077	-5.519510	
20.669545	-5.827918	
18.839937	-5.730205	
16.091223	-5.709437	
19.370769	-2.945324	
18.659033	-3.286817	
19.038474	-4.597649	
21.355376	-5.042525	
23.169179	-5.374930	
19.204892	-5.757272	
20.048651	-3.370880	
21.501842	-4.405292	
19.202732	-4.972582	
21.164403	-6.551970	
22.950793	-3.387045	
23.540916	-4.012561	
23.892767	-5.004819	
17.715094	-3.470118	
18.024678	-4.411596	
19.443547	-3.902669	
18.388980	-4.938272	
18.137388	-6.384608	
18.637586	-4.742722	
19.575787	-5.342550	
20.114198	-5.292984	
19.144943	-5.325374	
24.932824	-4.606663	
18.735472	-4.620303	
18.705492	-5.402873	
17.463005	-4.272381	
22.156650	-3.115439	
24.576843	-4.291159	
22.457593	-3.729551	
19.125264	-5.447174	
19.974222	-5.627413	
18.872785	-4.547456	
19.178953	-4.445804	
20.783198	-4.923850	
23.511140	-5.423112	
20.055164	-6.535399	
22.425255	-5.382774	
20.679562	-5.577248	
19.340493	-4.558313	
19.511903	-4.823357	
20.195783	-5.048164	
18.925599	-4.396688	
21.438549	-4.105376	
14.798975	-5.571908	
22.932865	-4.309560	
18.941303	-2.068069	
21.307643	-6.720865	
20.443018	-4.133808	
19.006686	-4.650478	
24.245757	-4.364996	
20.460650	-6.606882	
16.889775	-6.228437	
19.071104	-5.635415	
22.432872	-5.026463	
15.364518	-5.444757	
19.144885	-6.545157	
25.315724	-5.630814	
19.210065	-5.229946	
18.026334	-5.324655	
18.687884	-5.328258	
19.669044	-3.352875	
16.751883	-4.749755	
19.237560	-5.117957	
19.413379	-6.222565	
19.070279	-4.986452	
20.453004	-4.876423	
20.013111	-4.086107	
19.479516	-6.275040	
19.201428	-6.320709	
18.464609	-6.607153	
19.977592	-6.769559	
23.269457	-6.027707	
21.387196	-5.055514	
20.430627	-5.236916	
22.465426	-4.340504	
17.457855	-4.228039	
19.587617	-4.939183	
17.598654	-4.018606	
19.940792	-6.121644	
18.116979	-6.975518	
21.867970	-4.018699	
19.972748	-6.048493	
20.132399	-4.909561	
22.657491	-6.657046	
16.876795	-5.116087	
21.681835	-4.969601	
24.144383	-4.295347	
21.087028	-5.531968	
21.820679	-4.756298	
17.860792	-4.601499	
19.270636	-5.265178	
21.454133	-5.772432	
17.507454	-4.402740	
19.100374	-6.961823	
20.480680	-4.425425	
20.300507	-4.950725	
23.326459	-4.381158	
17.889608	-4.695573	
19.974262	-4.110158	
20.727716	-5.319807	
20.698238	-5.824791	
17.869955	-4.439547	
18.640442	-4.550564	
20.213367	-5.443923	
16.433989	-4.484175	
21.088869	-4.851729	
21.093353	-5.293907	
24.542391	-3.001849	
22.827462	-4.753795	
19.090927	-6.364350	
19.759792	-5.379167	
19.367967	-5.220603	
24.422638	-2.575340	
18.666792	-5.884180	
20.981726	-3.872624	
20.164309	-6.987605	
21.927421	-3.844839	
18.477237	-5.370100	
17.960507	-4.836227	
19.110594	-4.028406	
21.181294	-7.069846	
22.330526	-6.911561	
18.661388	-4.754624	
15.838188	-4.305429	
17.562759	-4.255027	
16.646232	-4.507311	
18.831567	-4.164922	
21.150316	-4.273746	
21.894868	-5.338233	
16.280387	-2.674130	
19.273631	-4.417419	
19.507307	-5.219415	
18.068499	-5.907031	
17.141127	-3.841389	
19.556871	-4.579905	
16.251421	-4.662011	
20.995364	-6.244428	
17.517178	-4.532548	
20.489083	-5.228915	
20.112037	-3.616134	
21.597258	-7.181221	
20.115418	-4.901389	
17.701048	-5.869968	
21.363536	-5.085995	
20.686957	-4.285010	
17.920127	-7.715550	
16.057944	-6.137003	
19.976085	-5.472967	
19.591146	-3.018341	
19.839844	-5.333865	
21.538594	-4.094157	
18.421115	-4.280657	
20.532516	-4.994673	
18.021044	-4.623422	
21.305214	-3.650846	
24.325248	-7.117085	
19.771769	-5.738924	
18.314958	-4.573420	
21.410790	-5.159376	
23.466151	-4.587908	
22.154019	-5.010300	
20.978312	-5.723019	
21.551681	-5.704905	
22.270713	-5.224730	
22.161124	-5.473393	
18.748083	-6.384073	
18.934370	-6.099118	
23.323904	-5.131405	
18.401423	-5.675416	
19.770694	-4.918484	
18.947213	-4.845453	
19.855549	-4.140668	
18.580715	-6.662835	
20.834523	-2.608894	
16.973450	-4.730599	
22.588758	-4.674627	
18.572379	-3.746532	
19.534821	-4.476107	
21.813423	-5.262959	
19.582045	-6.853176	
19.520079	-6.211309	
16.754414	-3.216413	
18.823648	-6.796585	
19.295870	-5.748335	
23.034917	-5.685575	
19.474834	-7.776865	
17.785226	-5.711100	
20.438655	-4.179577	
18.120289	-6.051331	
22.712712	-4.287718	
19.408877	-5.959067	
18.424235	-6.149109	
21.530847	-4.846764	
21.478623	-6.123479	
20.376961	-5.782777	
19.192684	-5.788502	
18.853545	-5.596610	
19.131508	-4.783560	
22.764063	-4.882332	
18.140017	-5.795599	
19.980511	-5.349324	
19.541035	-3.757735	
19.209818	-3.385147	
14.933745	-6.597976	
22.071648	-5.295012	
20.310898	-6.480940	
19.498597	-5.119045	
18.261455	-6.353052	
21.876625	-4.719731	
17.897804	-5.167564	
18.597879	-5.789924	
17.937044	-6.161267	
21.281648	-4.599134	
19.883137	-5.138316	
24.406028	-4.291068	
18.023269	-6.173361	
17.882830	-1.873147	
21.558383	-5.275433	
21.315589	-5.999972	
20.773457	-5.129111	
16.513498	-5.187239	
17.260054	-4.690844	
15.572853	-4.615014	
20.923428	-6.418071	
20.958701	-3.830041	
23.815150	-6.099770	
16.695591	-4.759724	
21.411517	-6.272604	
20.992484	-5.828186	
23.581723	-4.372465	
20.689341	-5.102626	
21.032209	-6.458157	
21.052214	-5.547842	
21.822396	-5.606626	
21.104686	-5.981603	
20.184136	-4.269378	
20.410796	-4.901826	
18.616121	-4.910421	
19.126615	-6.182751	
19.105654	-5.425974	
20.937443	-4.192220	
20.901123	-4.695943	
21.414434	-3.849502	
17.429710	-6.209706	
19.556183	-3.403395	
20.716293	-5.436804	
19.094128	-5.259798	
18.503558	-3.832591	
20.204945	-4.768785	
21.599371	-5.342095	
20.411989	-4.862480	
21.054028	-4.280123	
18.736433	-3.819743	
18.422941	-3.529041	
21.012108	-3.834561	
19.723027	-4.531879	
20.556632	-6.394050	
23.795411	-6.778186	
17.627182	-5.059455	
19.458829	-5.397748	
21.341486	-5.690069	
22.863875	-5.702058	
21.734610	-5.194575	
19.115348	-6.240732	
18.065806	-5.047523	
23.389740	-5.586724	
20.039013	-5.402414	
17.563441	-5.801359	
22.575790	-5.158618	
20.454038	-4.774079	
22.456472	-3.129609	
21.510449	-3.682256	
23.244437	-6.231898	
20.309452	-4.869148	
17.136057	-5.137557	
19.797754	-5.492320	
22.075511	-6.032166	
19.750020	-4.867884	
16.646779	-5.570436	
15.647164	-4.797459	
21.510605	-5.577169	
17.283972	-4.699842	
17.837265	-7.325303	
21.210310	-6.747081	
19.734837	-4.398896	
16.785356	-5.867997	
22.406997	-5.525100	
18.717840	-5.082159	
21.230771	-6.648590	
20.153345	-5.329629	
21.212724	-4.964001	
18.659474	-5.775424	
19.786219	-3.238459	
19.770649	-4.810311	
18.099121	-3.968238	
21.666970	-6.712784	
18.612981	-5.794826	
21.823290	-5.431671	
23.892682	-4.775465	
19.898477	-3.032722	
20.322353	-5.846529	
19.589788	-5.283484	
20.485439	-5.162797	
20.747909	-4.405430	
20.832358	-4.671708	
16.343124	-4.976366	
22.389170	-3.383220	
20.625244	-4.664100	
16.762946	-4.856187	
21.088904	-5.100796	
17.629144	-4.052201	
20.784383	-3.898689	
22.353260	-5.015987	
21.678485	-4.144843	
16.025970	-4.054822	
19.811410	-3.912295	
22.424877	-6.631098	
19.315612	-4.774905	
18.349608	-6.011138	
18.801352	-5.454671	
22.747764	-4.695399	
19.120254	-4.544783	
20.562880	-5.033474	
20.172586	-6.131752	
18.038854	-6.243939	
20.889900	-4.418677	
20.731555	-3.118852	
18.690267	-4.856591	
21.289527	-3.176550	
20.527598	-7.330567	
18.097193	-3.313744	
21.093451	-4.019630	
18.403158	-5.291862	
19.638371	-5.524100	
18.514919	-4.562053	
17.949484	-4.886127	
17.128679	-6.081008	
19.572635	-6.102527	
21.331935	-3.766059	
20.863846	-6.513856	
22.787137	-4.327083	
20.126320	-4.280612	
19.669083	-4.294347	
20.715000	-6.882129	
20.792740	-5.373709	
21.391068	-5.377743	
18.122233	-5.516870	
20.286917	-4.129741	
21.442173	-5.597205	
20.643547	-4.838576	
21.649371	-4.534880	
20.445088	-5.666036	
19.384733	-4.275300	
18.797600	-4.173224	
15.068787	-3.767503	
18.995369	-5.725816	
22.718518	-5.618382	
18.769252	-5.313686	
17.735661	-3.760584	
22.548275	-4.692870	
19.437238	-5.080139	
18.112979	-3.259240	
20.292997	-5.697741	
19.214595	-3.625563	
21.816868	-4.856649	
20.132290	-4.568215	
15.877610	-5.078526	
25.266675	-4.350419	
19.817221	-3.729501	
23.321220	-5.455934	
20.483027	-4.815534	
22.147560	-5.127446	
16.381203	-7.044208	
22.386380	-6.231137	
22.007610	-5.883722	
23.005269	-4.527472	
19.248499	-5.738610	
18.754183	-6.819473	
20.714467	-5.092326	
18.437579	-5.549877	
22.162491	-5.070564	
19.271718	-4.533079	
18.401530	-4.613702	
19.280741	-3.676605	
21.902821	-3.190597	
19.264374	-4.352861	
20.433788	-4.808084	
22.352460	-4.247530	
19.526182	-6.535717	
23.604006	-5.665130	
16.867019	-4.597531	
22.170897	-2.238877	
18.346473	-5.041473	
20.962201	-6.603599	
18.300667	-4.680803	
19.944393	-5.710405	
18.490467	-3.329564	
21.547291	-6.220526	
22.087707	-4.842555	
20.076943	-4.392619	
21.612531	-6.228683	
19.541476	-4.723536	
20.148126	-6.563043	
21.577494	-5.723013	
19.471163	-5.469803	
21.851459	-5.650727	
18.306350	-3.508936	
20.938563	-4.223591	
21.357197	-5.496800	
17.737841	-5.838565	
17.195470	-5.737524	
18.682310	-4.047304	
21.790901	-6.827759	
19.842418	-6.971478	
21.336017	-4.951176	
24.382519	-5.554577	
21.990654	-5.746599	
20.127027	-4.806429	
17.230903	-3.265948	
17.652356	-7.259790	
22.199395	-4.546394	
21.583762	-3.710913	
20.449935	-4.969578	
23.617233	-7.149077	
18.627541	-5.974437	
20.469015	-5.004679	
17.800679	-4.850434	
15.075799	-4.410785	
24.619875	-4.560257	
18.457441	-4.140244	
21.552465	-4.322841	
19.424309	-4.999111	
25.760343	-4.915617	
19.962802	-6.956678	
18.580617	-5.639097	
21.732642	-4.534987	
17.782468	-5.143436	
12.765931	-4.265004	
19.245804	-5.061702	
24.284927	-5.851944	
19.352327	-7.080180	
21.009916	-3.692850	
18.974070	-4.562999	
20.731880	-3.189505	
21.049784	-7.317452	
21.539547	-5.835504	
20.536048	-3.735700	
19.519456	-6.383424	
15.978566	-5.179509	
18.375671	-2.458695	
20.140979	-6.229566	
19.984625	-5.022241	
22.168943	-4.121553	
20.400019	-6.723498	
22.163188	-3.393523	
17.593275	-4.123559	
20.480630	-4.834580	
19.616411	-5.637183	
21.582048	-5.923243	
18.339885	-4.188670	
21.545346	-5.792464	
19.314781	-2.896559	
22.969247	-5.319733	
19.213547	-5.652789	
19.378585	-4.125153	
20.535746	-3.994234	
20.502073	-3.485037	
19.882316	-3.987463	
20.414373	-4.775961	
21.331868	-5.373466	
17.899252	-4.676757	
19.482025	-5.448134	
21.504006	-2.985276	
17.553081	-4.536640	
22.506018	-6.863740	
20.240091	-4.923132	
20.960261	-6.405511	
18.015740	-5.512209	
18.522233	-2.389265	
18.592082	-4.653394	
20.857663	-5.479008	
20.910894	-6.152097	
18.887297	-5.854829	
19.940481	-4.800421	
23.123438	-5.234496	
25.238512	-4.676526	
19.542609	-5.590103	
15.315997	-4.722998	
22.607726	-4.447817	
17.795562	-5.121987	
21.619770	-5.827602	
22.998096	-4.519168	
20.301364	-3.410441	
19.095305	-3.626091	
22.839135	-3.865824	
23.501838	-5.285494	
19.144015	-4.473201	
22.564509	-3.955520	
22.669949	-6.172616	
20.460968	-4.196510	
18.021538	-4.654735	
20.480519	-5.232442	
21.113283	-4.368162	
22.292277	-5.077273	
17.340865	-4.167894	
22.010995	-5.930718	
17.944269	-6.331585	
20.392491	-3.803375	
17.631791	-4.473715	
24.912703	-5.315016	
18.627470	-4.040387	
21.727223	-4.900161	
20.175321	-5.354022	
18.140956	-4.179419	
22.522014	-6.930598	
19.782503	-5.417934	
17.973303	-2.544646	
21.115740	-6.375292	
21.452437	-4.726620	
21.845521	-5.309728	
20.058698	-4.008092	
19.678691	-3.466390	
24.242055	-5.069866	
18.484726	-6.125896	
22.224109	-6.407202	
17.867450	-6.807774	
16.664068	-6.171761	
21.123499	-4.778303	
19.762851	-5.618825	
19.688984	-4.228351	
17.008604	-2.284347	
25.060797	-6.794662	
18.348781	-4.357111	
20.729906	-5.153699	
22.144033	-4.616875	
15.035082	-5.344074	
23.116354	-4.382830	
19.056432	-4.497207	
19.521239	-4.814955	
20.809296	-4.766798	
17.512456	-5.720637	
17.805236	-4.438304	
18.397356	-7.037975	
20.068575	-5.368479	
23.351710	-3.567372	
19.374395	-6.376384	
19.796664	-3.516154	
19.064690	-4.769679	
21.508659	-6.288214	
19.259693	-4.291952	
18.675345	-5.628818	
21.495652	-5.429561	
17.776743	-4.380828	
22.966455	-6.899973	
18.345413	-6.008587	
19.752878	-4.531748	
19.215270	-4.030704	
18.528801	-4.961156	
19.122988	-4.686995	
18.796861	-2.767780	
21.009674	-5.893637	
19.378526	-6.540807	
18.251891	-4.864125	
22.923631	-4.353267	
17.482428	-5.983710	
15.539031	-6.356070	
15.230929	-6.283930	
17.468219	-6.272126	
18.953557	-3.929812	
18.895867	-5.667284	
19.556154	-4.860076	
20.354053	-5.011631	
20.308125	-4.763986	
19.220645	-4.761211	
22.839816	-6.740514	
24.001971	-2.197671	
23.047880	-5.976537	
15.596277	-4.836732	
21.160206	-4.602454	
20.706436	-6.590877	
24.026428	-6.654839	
19.775833	-4.684378	
22.596800	-3.435263	
23.453942	-5.726708	
19.277101	-4.398141	
18.853238	-3.216795	
18.359000	-5.660703	
19.112786	-4.291803	
21.805159	-4.830953	
19.123793	-4.550015	
19.686719	-3.797957	
22.814259	-4.301909	
19.650947	-5.251187	
19.877170	-6.518115	
18.249048	-4.960016	
19.342179	-3.995530	
21.710894	-4.866093	
21.330394	-3.939542	
16.388096	-4.472643	
19.217715	-6.454095	
18.913379	-6.086199	
17.757272	-4.604441	
19.611160	-5.171465	
18.471355	-4.207452	
19.211944	-5.546716	
19.844996	-5.382659	
19.807136	-6.569176	
22.420969	-5.166390	
19.616801	-5.425277	
20.293489	-4.560175	
21.104711	-3.775601	
19.767568	-3.763961	
24.689036	-6.681668	
20.728425	-4.460654	
21.647545	-4.801248	
17.854597	-6.199816	
20.886884	-4.737972	
18.570877	-4.916133	
17.019871	-5.322987	
19.233343	-5.111923	
24.731469	-5.883210	
22.506266	-5.175082	
22.902034	-5.082729	
20.252891	-7.396758	
20.390273	-4.824974	
17.819374	-3.407272	
22.453019	-5.129385	
17.491051	-5.501919	
20.502440	-4.626675	
21.027751	-2.767489	
20.314521	-4.148893	
22.616348	-5.286084	
22.218606	-3.370712	
22.849501	-5.359239	
21.893236	-5.749624	
18.616075	-3.967884	
20.111034	-5.494377	
21.718512	-3.314202	
20.034466	-4.371449	
16.398209	-5.144197	
19.175406	-4.822608	
21.336476	-3.376834	
15.852602	-6.167102	
22.171242	-5.502936	
20.699526	-6.928334	
18.732357	-5.180135	
19.267550	-4.719847	
20.417170	-4.119895	
25.362589	-4.510492	
20.922006	-4.398184	
17.912273	-4.941136	
18.314464	-3.949720	
21.939638	-4.693392	
22.809879	-5.001758	
22.918211	-5.521395	
18.104252	-5.577128	
21.686017	-5.499418	
21.957843	-4.341068	
20.315092	-5.073717	
18.930412	-4.469444	
21.171322	-6.191640	
19.865656	-4.911226	
18.779230	-6.957095	
22.345369	-4.453101	
23.869014	-5.413934	
19.336106	-6.288820	
24.216945	-7.255723	
18.193122	-5.118933	
20.872782	-3.649807	
19.771072	-5.543007	
18.436189	-5.446151	
21.564711	-4.577589	
17.738741	-4.617671	
18.824358	-5.779771	
20.034811	-5.378011	
13.781841	-4.800979	
20.860109	-4.605237	
18.754464	-3.902576	
16.934622	-5.416932	
17.958542	-4.185116	
19.825758	-4.893364	
21.006610	-5.215899	
19.555813	-3.092880	
20.044210	-4.468265	
20.730556	-4.198294	
18.364505	-2.792898	
17.958760	-5.330125	
20.265318	-4.009160	
22.751169	-4.394900	
17.485937	-3.689194	
19.534759	-3.247299	
19.434458	-2.646838	
24.634993	-4.833860	
18.598398	-6.018610	
17.374231	-5.062668	
17.763337	-5.097077	
20.588134	-6.448150	
20.290090	-3.400512	
20.667090	-5.295453	
22.411979	-4.344778	
18.396116	-5.035081	
18.309434	-3.054236	
18.731128	-5.050717	
20.873640	-6.233999	
17.547646	-5.992852	
23.148181	-4.598743	
19.590092	-4.109262	
19.757526	-6.143696	
17.434085	-4.008512	
20.772993	-3.433709	
23.192910	-6.931299	
16.819988	-6.543367	
20.117542	-6.016085	
19.081713	-4.511996	
21.394765	-4.092332	
18.618247	-4.203672	
17.903461	-4.519605	
22.426177	-4.658021	
22.150269	-5.093733	
24.762828	-4.850636	
22.660606	-6.578412	
17.258888	-5.497813	
19.527785	-5.187002	
18.521792	-4.787866	
22.466686	-4.157451	
21.395019	-5.313920	
20.638182	-5.223669	
24.309801	-5.671721	
20.050877	-5.843074	
18.264954	-6.202886	
17.631453	-5.042909	
19.979406	-4.625425	
19.953450	-4.957906	
18.596970	-4.462848	
20.385632	-5.095911	
18.553865	-3.840374	
21.686337	-4.889294	
21.346927	-4.676186	
21.617127	-4.629944	
19.723351	-5.915820	
22.590131	-2.881198	
23.507329	-5.658076	
19.665028	-4.878192	
22.720599	-4.427428	
17.455958	-3.939180	
22.067774	-3.665266	
20.022879	-4.178946	
18.178972	-6.198621	
19.628068	-4.184695	
20.776848	-5.435129	
16.880877	-5.695113	
19.296294	-4.923660	
20.072629	-5.865468	
23.129932	-4.942365	
20.609177	-8.184486	
21.935649	-5.359316	
21.793811	-5.417669	
22.923676	-5.952402	
21.969920	-6.224270	
18.327248	-8.708969	
19.393926	-5.099286	
17.797571	-4.368877	
21.101549	-4.475526	
23.613591	-6.198567	
21.741118	-3.987451	
22.101146	-5.651386	
15.781018	-3.716390	
19.903074	-3.989112	
21.965220	-4.083212	
17.518623	-3.775356	
19.172222	-4.463919	
20.086596	-5.400959	
17.988356	-4.958691	
18.531020	-4.833535	
22.318701	-6.681142	
19.634081	-5.211425	
19.375321	-5.213729	
19.206951	-5.350250	
19.190683	-4.443173	
22.397043	-6.655352	
18.448485	-2.728888	
16.561533	-5.431093	
17.284269	-3.630291	
21.859158	-5.734539	
19.209291	-3.774257	
20.344979	-4.514930	
25.014314	-3.583222	
19.863851	-5.015627	
22.939513	-4.589713	
21.267413	-5.165328	
21.886310	-5.744751	
20.917767	-6.524786	
21.850663	-6.882376	
23.307955	-6.147411	
22.293395	-4.829523	
22.635754	-6.794147	
21.212834	-3.711813	
22.615925	-5.268394	
19.950858	-4.835348	
22.792716	-5.335014	
20.578706	-7.103679	
17.567516	-3.067677	
17.508966	-4.483583	
20.331652	-5.614882	
19.598431	-4.907171	
19.608666	-4.618213	
18.918883	-6.441719	
23.784197	-3.573307	
19.262436	-4.253274	
19.189128	-6.699402	
21.101231	-3.587995	
19.708735	-6.517771	
17.832797	-5.373824	
22.352418	-5.726932	
20.600416	-3.069177	
17.448385	-4.801735	
19.609851	-4.413829	
21.552330	-4.864348	
17.916192	-5.606180	
21.857946	-4.833885	
23.824928	-6.127344	
21.893693	-5.041290	
19.618477	-5.824627	
18.441861	-5.359610	
21.310156	-5.582244	
20.718043	-2.380598	
18.612931	-3.291744	
23.825349	-4.703262	
18.212123	-4.910571	
21.074154	-5.830063	
21.062424	-5.319165	
22.122290	-6.068467	
19.440714	-5.574104	
20.959319	-7.074451	
19.504938	-4.843980	
20.274741	-5.027471	
18.709341	-5.228847	
20.425000	-3.349699	
19.843287	-4.435252	
21.025701	-3.811502	
18.891352	-5.829025	
19.868362	-5.469609	
21.159918	-6.266124	
19.358813	-4.564764	
17.702292	-6.368585	
21.900463	-4.577621	
18.332434	-5.423027	
21.479860	-5.452905	
22.066913	-4.530095	
19.021941	-5.075422	
21.364760	-3.396567	
19.625509	-3.093172	
17.207624	-7.276132	
20.826989	-4.275935	
22.810310	-4.254816	
21.962100	-7.698699	
18.032799	-3.828632	
22.958210	-5.767094	
17.325413	-5.926960	
23.403787	-5.245972	
17.060264	-3.205638	
24.920484	-4.107659	
20.779121	-2.239455	
22.127595	-6.154052	
15.031167	-5.238481	
20.449238	-4.457385	
21.546327	-5.114081	
17.237717	-2.682852	
17.426480	-6.011081	
18.459145	-5.135572	
16.332680	-6.699266	
19.178593	-6.151615	
19.811020	-5.541200	
17.734253	-5.126305	
19.047064	-6.200037	
20.838684	-6.978466	
15.749082	-5.200219	
18.389595	-3.372332	
19.536316	-4.604402	
15.963367	-3.168678	
19.078270	-4.914409	
20.919068	-4.503870	
23.949152	-4.286965	
19.886843	-6.190099	
20.745864	-5.914267	
21.735063	-4.790064	
17.556897	-5.899410	
19.966170	-6.211857	
19.712770	-3.979904	
21.179425	-4.794953	
20.012820	-5.377819	
20.141914	-6.479887	
21.289412	-5.280519	
22.397544	-4.328701	
23.879601	-6.205375	
18.762672	-6.206753	
20.572458	-3.569613	
18.529955	-5.766633	
21.131489	-4.392106	
20.540640	-3.183394	
17.886835	-5.807477	
21.481472	-5.063412	
22.569016	-5.465012	
23.056600	-5.058911	
17.474612	-5.527221	
22.694012	-6.626130	
17.642760	-6.049935	
20.294382	-4.134681	
16.453828	-5.097175	
20.199061	-6.369333	
20.235377	-5.280888	
19.750211	-5.319780	
21.172907	-3.826442	
17.688744	-4.381842	
18.066534	-4.716291	
21.770055	-4.762329	
16.391155	-4.816317	
18.624541	-4.375014	
20.780031	-5.683264	
21.901885	-5.298257	
17.179213	-4.401001	
17.884685	-4.910838	
21.014711	-5.537003	
23.668422	-4.568203	
17.527766	-5.488858	
21.246673	-7.696662	
17.011064	-6.293010	
19.362897	-6.823511	
20.021422	-4.354522	
20.569553	-6.220056	
20.095142	-3.552638	
21.498687	-5.802211	
16.640425	-4.301889	
19.607424	-3.479882	
19.559077	-4.060896	
23.507205	-6.328687	
20.467523	-5.014446	
21.469033	-5.311691	
19.415134	-4.850976	
21.802267	-6.423289	
18.297883	-6.016969	
17.023710	-5.950515	
19.457602	-4.800920	
21.392538	-4.774143	
19.202172	-4.639999	
18.899459	-4.987563	
16.884753	-4.849947	
18.410625	-4.020695	
19.916537	-5.895012	
21.104323	-5.754489	
18.927341	-3.704724	
19.799566	-5.622012	
19.063138	-4.921884	
21.550512	-4.324331	
17.907280	-3.020455	
18.575126	-5.321989	
21.730810	-5.818237	
20.123633	-6.149243	
21.082298	-4.416421	
19.737726	-4.899304	
20.889689	-5.126369	
20.443863	-4.097854	
19.664437	-8.085918	
19.893344	-4.216908	
19.035783	-7.149747	
17.201491	-5.120095	
21.047962	-5.058344	
21.406500	-4.206214	
17.608936	-5.087590	
20.622475	-5.321913	
20.980346	-5.043168	
17.955845	-3.567249	
17.595127	-5.033355	
18.930576	-6.462229	
24.667371	-4.954602	
23.852505	-6.078629	
20.679911	-7.266779	
18.368212	-4.180542	
22.623672	-5.337546	
19.620853	-7.209883	
23.026040	-5.250973	
21.266980	-6.444939	
20.823290	-5.579899	
24.957719	-5.417004	
-3.625680	1.961896	
-4.153483	2.109521	
-4.064040	2.210971	
-3.447709	1.081907	
-3.252348	2.310584	
-2.942354	1.351358	
-0.895895	-0.018735	
-2.256086	3.218252	
-2.908771	2.332047	
-3.559827	-0.312924	
-3.317702	3.396901	
-2.054552	-0.762333	
-4.144027	2.254165	
-2.748217	-0.686312	
-3.126459	3.890399	
-3.023241	2.152572	
-2.375018	1.072813	
-4.417833	5.261857	
-3.305398	5.134056	
-2.188910	1.982162	
-3.531828	4.237594	
-2.373057	5.606052	
-3.961352	0.950808	
-4.582459	3.690898	
-4.347576	-2.676005	
-1.840821	3.489274	
-4.331679	2.322378	
-1.835515	3.741596	
-3.928168	2.851293	
-3.006886	-0.479869	
-2.039096	0.744080	
-4.487637	-0.674908	
-3.780536	0.529760	
-4.206061	0.244198	
-1.498003	1.360727	
-2.803154	0.026190	
-2.173475	1.231131	
-1.629083	4.778598	
-3.709577	1.572833	
-3.425662	2.931035	
-2.939619	0.403351	
-2.008563	1.282139	
-4.147035	4.533544	
-1.806238	1.838079	
-2.483668	3.530288	
-1.790496	4.598617	
-3.245582	2.458491	
-2.313050	0.522383	
-3.444894	-0.994810	
-1.878872	1.615257	
-4.064612	1.550739	
-3.167499	2.910174	
-0.220447	1.020496	
-3.983896	4.772056	
-0.941972	-1.724516	
-3.285914	1.900478	
-1.322662	4.609997	
-3.183129	2.284733	
-2.191499	2.609927	
-3.263462	7.237289	
-2.200823	6.255613	
-3.323617	2.474124	
-3.971225	1.225681	
-2.930638	0.988182	
-4.197085	2.671575	
-4.582357	0.223234	
-5.138296	0.605276	
-2.466303	3.026717	
-3.147798	3.676966	
-1.160978	5.351171	
-4.677102	2.095482	
-3.364371	3.381034	
-4.434266	0.217589	
-3.220694	1.502359	
-3.257034	-2.061447	
-2.099881	4.883857	
-3.207629	4.626646	
-3.926443	3.987616	
-3.486110	1.594317	
-4.385655	1.517814	
-2.423692	3.976115	
-2.292903	1.203525	
-3.578867	0.243045	
-3.544916	4.137113	
-1.942731	2.284919	
-2.712082	1.971212	
-2.919494	3.658151	
-2.669819	1.033624	
-3.660991	2.564371	
-1.957951	-0.217515	
-3.288190	0.441067	
-1.862657	0.689374	
-2.141664	0.681027	
-3.011301	3.876627	
-1.609819	1.152060	
-2.730274	4.120386	
-3.085104	6.773888	
-3.062330	3.071595	
-3.308561	0.352528	
-3.692595	5.135879	
-3.346441	4.080096	
-2.414003	2.032565	
-3.451025	1.850292	
-3.376075	3.623163	
-3.414540	2.112552	
-5.431616	4.633270	
-3.488564	0.689955	
-3.028505	1.849864	
-2.792332	1.857117	
-1.752697	0.997145	
-4.321677	4.264518	
-4.983240	2.078366	
-4.147346	4.188880	
-2.105916	0.106899	
-2.832813	2.708747	
-1.801937	-0.073723	
-3.887302	3.528459	
-2.336961	0.603378	
-5.122724	3.198610	
-3.259056	1.902714	
-1.249768	2.939282	
-2.623139	4.133040	
-2.620067	2.375017	
-2.334434	5.148502	
-3.905870	5.090526	
-4.243528	1.643211	
-2.673653	4.316019	
-3.632369	6.397303	
-2.273392	1.050739	
-4.361519	2.537595	
-2.001976	3.029992	
-2.671565	-1.183449	
-2.176550	2.972824	
-2.734776	1.564042	
-0.322578	5.507823	
-0.935398	-0.210871	
-2.533649	2.599777	
-2.144139	3.565637	
-2.885886	4.383653	
-2.387970	0.151093	
-3.817945	-0.768800	
-2.936414	2.908660	
-0.365802	5.185286	
-2.166825	-1.407301	
-4.368763	3.755261	
-1.622779	-0.216621	
-2.396153	3.530252	
-2.821236	2.679383	
-2.746744	0.317896	
-3.742086	1.731741	
-3.255346	0.742185	
-1.683175	4.251994	
-3.570865	0.627018	
-0.453251	4.159198	
-3.208123	-0.642669	
-2.351621	0.607902	
-2.158702	3.732750	
-3.593641	1.081629	
-2.417573	0.433644	
-3.057389	1.193493	
-2.711513	6.274338	
-0.777342	1.990290	
-2.976621	-0.915247	
-2.780256	1.531279	
-3.504024	-2.874267	
-2.093746	3.380221	
-2.055871	-0.799695	
-3.963674	3.541300	
-2.792298	1.400660	
-3.511798	2.511472	
-2.930312	1.729444	
-1.106539	-1.855999	
-1.691760	1.125612	
-3.811038	0.612069	
-1.494347	3.270937	
-3.867696	0.808525	
-3.493887	2.459610	
-4.236009	1.211000	
-3.280021	-1.600239	
-2.851060	4.021119	
-3.170572	2.870315	
-2.345180	0.537810	
-4.803757	4.049338	
-3.941177	1.622545	
-2.116311	0.619683	
-2.396643	-0.334145	
-3.675166	2.231866	
-3.539390	2.069639	
-4.157477	-1.022663	
-1.717744	3.445474	
-1.941039	6.332162	
-2.569037	1.713013	
-2.218439	5.505289	
-2.143431	2.972307	
-4.002795	2.164958	
-3.189527	6.458039	
-4.594877	2.556426	
-2.349342	3.940978	
-1.843882	3.268772	
-1.967077	4.933828	
-3.517286	3.960175	
-3.607602	4.786647	
-3.858010	7.526162	
-3.410056	1.199901	
-2.359581	5.565631	
-2.786071	1.314597	
-1.283269	2.061220	
-4.040708	2.190656	
-3.417389	-1.141495	
-3.355105	-0.826985	
-2.378420	4.253564	
-3.674807	4.345559	
-4.358787	2.271674	
-4.471082	-1.839653	
-2.735164	4.016173	
-2.430379	1.790537	
-1.817843	-0.073847	
-2.530658	3.249346	
-3.380116	-0.917196	
-5.658541	-1.343438	
-2.514406	4.152871	
-0.721966	4.510392	
-1.267841	-1.970543	
-1.601415	0.858959	
-4.489027	-0.549827	
-1.352313	3.144191	
-4.722632	3.267580	
-5.786020	5.492105	
-2.853509	2.470433	
-4.143815	0.903790	
-2.531224	2.031485	
-3.169074	4.004861	
-2.071862	-1.100443	
-3.821491	1.077567	
-3.428171	2.431886	
-3.047744	2.212159	
-2.415535	1.998791	
-3.703105	-1.199122	
-3.910885	1.763186	
-3.644657	3.379128	
-2.039028	2.951482	
-1.614985	-1.813284	
-3.365717	3.118970	
-3.040227	1.477136	
-1.612737	0.885349	
-1.515714	4.004318	
-2.671375	0.589630	
-2.741866	2.118083	
-4.826834	3.344939	
-1.413570	1.739163	
-1.833155	0.396343	
-2.792991	4.304422	
-2.793820	0.526802	
-4.181179	3.369895	
-0.914882	4.406721	
-4.193984	2.583025	
-2.310978	2.401187	
-1.970569	-2.646638	
-3.169979	5.253161	
-1.840226	-1.407473	
-3.556761	-0.919171	
-2.441919	1.427741	
-3.745955	-2.002925	
-3.716164	-0.870727	
-0.839775	-0.721475	
-3.630865	2.773867	
-2.986581	2.036680	
-2.091886	2.104776	
-3.294245	4.598912	
-3.309765	6.741405	
-3.347783	2.849320	
-3.524672	0.721029	
-1.468141	0.029690	
-3.627183	1.026346	
-3.249437	-0.317888	
-1.372767	2.439764	
-2.090150	0.473280	
-1.542613	1.565353	
-2.181714	2.236579	
-1.951593	4.294519	
-3.872204	2.421579	
-2.672030	1.232304	
-1.574375	-1.408246	
-3.464390	2.507853	
-4.273721	2.089325	
-2.833358	2.540802	
-4.746164	-0.100243	
-1.378963	-0.590180	
-2.093354	2.005549	
-3.469438	2.314538	
-1.618152	2.806509	
-3.893988	1.444266	
-3.759781	-1.845636	
-4.383479	1.151221	
-4.948787	2.615723	
-4.729561	3.711962	
-4.187011	4.833204	
-2.857504	-0.685649	
-2.266326	0.404995	
-1.567557	1.233673	
-1.980820	4.083927	
-1.317439	1.703658	
-3.924193	2.523221	
-2.058030	0.971734	
-4.446815	3.721633	
-4.210552	2.745511	
-3.791053	3.209601	
-3.065320	1.109320	
-4.067335	-0.020246	
-2.191300	0.670298	
-4.799288	3.049848	
-3.749994	0.580696	
-3.039000	3.456341	
-2.962134	1.379419	
-1.688546	5.243852	
-4.807975	0.780561	
-3.069759	1.315455	
-3.347847	-0.178909	
-3.193099	2.331603	
-3.815420	2.567837	
-4.216727	-1.935971	
-1.371748	3.238954	
-1.968445	-1.374093	
-2.933309	2.803219	
-3.006385	0.633413	
-3.040366	2.884923	
-4.110836	0.884752	
-3.423396	3.685523	
-3.972108	1.854246	
-2.985091	2.832061	
-2.345298	2.826307	
-0.831677	3.961779	
-2.687549	2.460593	
-2.522418	0.560490	
-3.231565	1.142738	
-3.441656	1.112605	
-2.051110	1.905487	
-2.436840	3.172067	
-3.037991	0.682129	
-4.318231	-0.720981	
-3.553465	-1.964676	
-3.738384	2.963994	
-3.278460	1.583618	
-3.915782	1.512367	
-2.317827	1.247760	
-2.636703	2.684537	
-2.691675	0.346109	
-2.108832	1.409348	
-0.828363	2.879756	
-3.500027	4.730457	
-4.834404	2.345252	
-4.929637	2.189379	
-2.046036	1.122349	
-1.919275	3.860421	
-3.297936	1.017076	
-3.183980	1.968781	
-3.982010	-2.661456	
-1.356170	-1.940958	
-2.504592	3.846962	
-5.322242	3.068082	
-3.597806	2.801192	
-3.521628	2.108137	
-1.268475	-2.882144	
-2.717544	1.357999	
-3.924623	4.724482	
-3.227323	4.031481	
-3.887498	5.136384	
-4.004375	4.342159	
-3.451609	1.697886	
-3.901961	3.957930	
-3.412487	1.187027	
-4.518018	1.805608	
-2.984726	0.475192	
-1.450809	1.859129	
-3.652853	1.074675	
-4.125029	3.063700	
-0.780245	1.610152	
-3.619841	2.834790	
-2.951991	4.466133	
-4.517358	0.962829	
-3.254203	-0.529979	
-3.332038	-0.171579	
-2.066164	1.051153	
-1.316879	1.960141	
-2.298914	2.511773	
-2.558854	3.936289	
-4.193594	3.103246	
-2.258922	4.456811	
-2.571069	-0.018467	
-2.570797	-1.521935	
-2.141575	4.291176	
-3.666021	1.766945	
-2.783192	2.045746	
-1.528137	3.392975	
-4.436874	3.085068	
-2.796024	-0.995258	
-3.589769	2.814060	
-2.641151	1.237077	
-2.582138	0.384650	
-3.164903	0.688197	
-4.603982	5.895010	
-2.264124	2.656866	
-1.837028	5.370903	
-1.664315	1.057987	
-3.962880	3.645223	
-2.603297	1.777813	
-3.416766	-0.176122	
-3.258761	1.120656	
-1.669418	0.479620	
-2.446693	3.337936	
-2.902092	1.119378	
-3.672277	1.109741	
-1.262422	1.205929	
-2.868970	2.792972	
-3.766787	4.666679	
-3.003105	3.608252	
-3.078601	3.046022	
-3.035933	2.877882	
-4.363292	3.919961	
-3.207342	3.791539	
-3.238379	2.395797	
-2.711521	2.644882	
-2.915111	2.462554	
-3.292024	-0.494644	
-1.691687	1.508591	
-4.279447	1.329615	
-4.363671	2.922019	
-1.677510	-0.730957	
-5.088085	2.022547	
-3.293019	1.758943	
-3.600017	4.578457	
-2.532793	-0.784267	
-2.065351	3.948053	
-3.857532	3.205599	
-4.859572	2.172627	
-3.538481	1.253560	
-5.118862	0.890727	
-3.023307	-1.925995	
-3.164908	1.767732	
-3.494910	-0.218947	
-2.133846	1.914144	
-2.447990	4.396972	
-1.952553	-0.716992	
-1.770867	3.643420	
-2.542760	1.453732	
-3.810071	5.877590	
-3.164311	3.039932	
-1.669819	-0.104340	
-2.425996	1.033002	
-3.379973	2.742117	
-2.418981	1.375434	
-2.554792	3.264195	
-3.528675	-0.496563	
-1.249467	3.539856	
-3.068716	-0.157915	
-2.600747	1.258609	
-5.218946	4.080925	
-3.131318	6.108352	
-2.522947	-0.381102	
-4.450489	1.830777	
-3.865962	2.620328	
-1.888183	3.295099	
-2.680633	0.933591	
-3.677160	1.575761	
-2.388755	5.022998	
-1.371517	2.246359	
-3.451566	0.784102	
-2.287657	1.166720	
-2.738780	0.581943	
-1.664809	2.111556	
-1.655599	3.829382	
-2.598475	5.477685	
-2.488652	0.611400	
-3.863647	0.867765	
-2.568097	-2.318012	
-1.986829	1.583543	
-4.158339	4.066822	
-3.154446	0.400260	
-1.856114	3.304601	
-4.012182	1.143841	
-4.007308	0.100848	
-2.278759	2.314830	
-2.584476	-0.156778	
-4.063874	3.010018	
-3.067261	2.937556	
-3.457859	2.516582	
-1.215986	-2.123567	
-2.390221	-2.008277	
-2.487429	2.533704	
-3.018032	2.630595	
0.948506	-1.522427	
-2.677944	3.663104	
-3.486793	3.322346	
-4.335221	0.937643	
-1.444563	2.755744	
-3.300784	1.252557	
-3.644977	2.440032	
-1.001487	0.961047	
-0.833014	2.892531	
-2.131276	1.287079	
-3.943483	4.879015	
-4.266972	0.745137	
-5.055691	2.200760	
-1.061116	0.924360	
-1.467099	-2.196340	
-3.819694	3.941029	
-4.290199	3.845414	
-3.839524	0.094188	
-2.609532	2.566549	
-1.936637	0.362209	
-3.382904	0.460879	
-3.017497	1.258678	
-2.407944	-1.420393	
-1.439552	0.003764	
-3.181339	2.291385	
-2.438050	2.244797	
-1.743841	1.642058	
-5.344619	2.320914	
-2.417171	1.695449	
-1.992920	3.610572	
-1.858626	-2.555706	
-2.196242	2.318502	
-3.024281	2.136268	
-3.349900	4.708804	
-2.849786	1.207354	
-1.386022	1.065232	
-4.920273	4.245333	
-2.322545	1.026407	
-1.629701	2.333483	
-2.290006	1.979597	
-2.114999	0.585572	
-1.895341	0.981874	
-4.079551	5.398370	
-3.276688	-1.183076	
-2.484118	3.995299	
-3.471471	0.284002	
-3.420376	3.115747	
-1.472159	1.174229	
-3.395446	2.809101	
-1.168670	-1.785040	
-3.239899	2.298574	
-2.400687	0.682665	
-3.466550	2.770782	
-3.221951	0.039054	
-3.846037	-0.752780	
-3.355272	0.700746	
-1.674444	0.769759	
-2.244998	7.389732	
-3.292373	1.459939	
-3.515510	2.478097	
-3.084346	-0.634979	
-4.909514	2.906598	
-3.049789	1.187458	
-1.835465	4.505329	
-3.746811	-0.708647	
-4.422441	-0.662122	
-4.918235	1.778659	
-3.358790	-1.179901	
-3.451966	0.907568	
-3.312374	1.381314	
-3.111768	4.397844	
-1.783410	-1.661004	
-2.090606	3.673123	
-1.563776	1.368571	
-3.020203	-1.292709	
-3.093569	4.137426	
-2.166748	3.668469	
-2.135862	5.317125	
-3.632161	3.339432	
-3.044894	3.189686	
-3.650952	-1.046922	
-2.836051	5.016183	
-3.555154	4.253690	
-4.300262	2.880132	
-2.366838	1.778560	
-2.782899	-1.791584	
-2.658056	2.815517	
-2.682128	1.598429	
-1.703162	3.705548	
-3.867806	1.004432	
-2.830366	1.844488	
-3.278663	-2.714362	
-1.923399	4.322376	
-2.617779	6.765292	
-3.946013	2.373524	
-4.095184	4.114784	
-3.042330	2.066143	
-1.808556	0.085209	
-3.405503	0.478350	
-4.863505	2.324631	
-2.084492	4.682011	
-2.758381	-0.274669	
-2.501851	1.548001	
-4.368466	0.390114	
-4.504485	0.700282	
-2.479291	-1.099329	
-2.272434	1.462677	
-4.188316	3.533116	
-1.458568	0.248146	
-1.976478	0.501708	
-3.426997	2.521394	
-4.913019	2.059493	
-2.020555	2.275996	
-3.403218	4.009994	
-3.262718	-1.677195	
-3.032833	-1.132906	
-2.236204	3.185157	
-2.148178	6.885019	
-3.412854	-1.019376	
-3.064978	0.952365	
-3.599675	2.160417	
-4.214604	1.663414	
-2.910940	2.504866	
-5.269724	1.556223	
-3.235632	4.012280	
-1.435045	2.589246	
-4.392107	-1.600955	
-2.913420	3.719315	
-1.770332	1.971075	
-2.811136	2.787111	
-1.755021	-1.753490	
-4.585333	1.852061	
-2.366710	2.655788	
-2.427414	3.781657	
-2.835228	-0.418094	
-4.078171	1.839347	
-2.202213	0.455196	
-4.080018	1.039743	
-2.883249	2.820965	
-2.124900	1.608799	
-2.785862	3.441202	
-3.213937	5.066278	
-3.087257	0.995992	
-4.749429	-1.446047	
-2.565877	1.932550	
-1.933023	7.109019	
-1.911313	1.435227	
-3.321223	3.064008	
-3.188465	1.083645	
-3.489811	0.268022	
-2.233008	0.116826	
-3.063748	4.530908	
-4.468827	2.915080	
-2.910065	0.871916	
-2.670176	3.889464	
-2.946848	0.599276	
-2.052248	3.051513	
-0.933360	3.758564	
-2.881888	2.031381	
-2.358276	0.659392	
-5.002296	1.219023	
-4.163114	1.642106	
-4.434688	1.297425	
-3.309302	3.618924	
-3.963767	2.305729	
-1.677003	1.220669	
-3.838836	4.505404	
-2.117226	3.309001	
-1.703182	1.581656	
-4.059799	0.382308	
-4.260422	1.910039	
-3.563352	3.169079	
-2.827057	1.933745	
-3.676893	1.376376	
-5.104301	3.172290	
-3.017370	0.288495	
-2.359570	2.156436	
-1.352738	1.154091	
-3.037582	0.985688	
-2.811328	1.182854	
-1.907274	3.216791	
-2.662339	2.097759	
-3.253231	0.968437	
-3.593097	3.614444	
-2.132370	3.281686	
-2.111524	2.523426	
-3.752766	-1.664252	
-2.598020	2.558540	
-0.830836	1.593756	
-2.124709	3.176775	
-1.400982	-0.029525	
-2.539711	1.310422	
-2.793506	2.571373	
-3.259335	-0.714470	
-4.111168	2.654499	
-3.728741	-2.012628	
-3.809580	0.188477	
-1.929304	1.778204	
-3.948619	2.974596	
-2.926986	-1.456399	
-4.067028	1.675643	
-4.046429	5.931076	
-3.812713	0.735829	
-3.193379	-0.504113	
-2.133017	1.175094	
-0.965565	3.278789	
-4.307262	0.918910	
-1.473570	1.589710	
-3.763983	-0.637374	
-3.329851	5.402589	
-2.621322	5.379305	
-2.576605	2.950270	
-1.751352	0.641490	
-4.040150	1.165086	
-1.072089	2.071010	
-3.390044	1.308288	
-2.622696	1.069769	
-3.596037	2.587885	
-4.525158	0.681794	
-3.704798	2.874508	
-3.721233	0.950687	
-4.028723	4.764838	
-2.869305	6.104039	
-2.518314	3.734525	
-3.414296	1.587451	
-3.946472	1.216140	
-3.970336	-0.001864	
-3.193066	1.453886	
-3.555665	5.112028	
-4.280188	1.230095	
-3.887877	-0.311120	
-2.734952	3.758449	
-4.107909	-0.226230	
-4.856617	0.278596	
-3.572156	2.320979	
-1.966382	0.511110	
-3.776022	-0.092940	
-5.676382	-1.471471	
-2.672615	1.579552	
-2.024745	2.378845	
-3.139454	0.107367	
-3.470741	2.402103	
-2.336374	1.518270	
-2.844221	1.475797	
-2.694721	1.548660	
-3.659238	1.460191	
-2.463601	1.408863	
-4.680289	2.726933	
-3.369518	3.057178	
-1.833442	2.994614	
-4.064500	3.073606	
-2.221416	-0.399697	
-3.386156	2.586292	
-2.730860	1.874457	
-3.708053	1.925887	
-2.361257	1.066170	
-2.659317	3.923107	
-2.257488	5.536343	
-4.265214	3.615421	
-2.913294	-0.925811	
-3.759578	1.181090	
-3.001459	4.247195	
-3.230396	4.064668	
-3.096611	0.954162	
-3.741246	3.409440	
-2.460950	5.640256	
-2.491321	1.396252	
-2.866820	3.015767	
-3.742097	4.320143	
-2.776500	2.482373	
-1.673602	3.870474	
-3.332570	4.187561	
-1.904294	1.389488	
-3.613721	0.258270	
-3.026272	2.090118	
-2.478722	0.379519	
-2.172758	-1.411629	
-3.017044	0.163143	
-2.777404	0.483386	
-2.057771	4.173800	
-2.246841	4.457039	
-2.134380	2.092642	
-3.511053	1.496905	
-2.786544	3.431738	
-1.906976	0.777952	
-1.989578	5.336845	
-4.260227	5.741554	
-4.802463	0.504058	
-2.316653	2.452891	
-2.305737	-0.492427	
-2.321095	1.056191	
-1.745611	4.872430	
-3.315833	4.296906	
-3.491106	2.514483	
-2.506896	4.323996	
-2.032780	2.445202	
-2.752686	0.860914	
-2.904643	3.081691	
-3.846285	0.374250	
-3.726998	0.256616	
-3.223385	2.019987	
-2.436931	0.577907	
-3.001403	0.513997	
-3.839335	1.822497	
-4.971755	1.081242	
-2.508340	0.285970	
-1.104815	0.769780	
-3.920214	1.077451	
-4.084611	2.275057	
-2.794699	1.846511	
-2.429231	3.110402	
-3.733346	-0.279372	
-4.801585	-1.454729	
-4.032548	5.058414	
-3.440270	7.585245	
-2.751023	-0.447820	
-1.621283	-0.904953	
-3.703652	-0.191380	
-2.347830	5.050636	
-2.850751	2.691291	
-3.816664	-0.547104	
-3.239417	-0.749425	
-3.031587	5.467046	
-1.879044	3.499330	
-1.951465	1.573809	
-2.959034	1.933219	
-3.987828	3.464993	
-3.835265	1.859125	
-2.137024	2.170040	
-2.279595	3.577475	
-4.585266	0.256440	
-2.886560	3.197124	
-2.534078	4.917171	
-2.035036	1.588018	
-3.420959	1.440465	
-3.972845	2.849394	
-2.578539	4.540545	
-5.206070	-0.681896	
-1.563491	4.226764	
-3.894035	2.071903	
-3.715394	4.578496	
-3.246450	-2.269852	
-2.400334	2.124397	
-2.026580	3.257545	
-4.135477	-1.171063	
-2.062552	-0.495086	
-6.159755	0.511483	
-2.375065	2.569032	
-3.139799	4.907951	
-1.736712	3.304205	
-2.308687	4.710844	
-4.040034	3.903589	
-3.190967	3.713369	
-2.790673	1.168635	
-3.900343	2.057537	
-1.912697	0.966319	
-1.322235	2.982729	
-3.084733	-1.215630	
-3.389636	1.347589	
-5.407987	2.623686	
-3.422197	3.219915	
-4.472849	-1.360183	
-3.003448	0.100926	
-1.962351	1.760208	
-4.730635	6.126657	
-2.825147	-1.075840	
-3.635597	6.255630	
-3.316437	6.967498	
0.092433	4.619107	
-3.451341	1.708913	
-3.398581	4.878062	
-3.861023	-2.346411	
-3.303583	0.908319	
-3.696933	0.382175	
-1.581844	2.576325	
-1.575274	5.122270	
-2.091658	1.573997	
-2.352117	2.584152	
-3.006595	2.910206	
-3.515770	-0.738487	
-3.675977	2.905597	
-2.422237	1.716402	
-2.254407	3.353282	
-1.256471	2.124774	
-1.834625	2.603760	
-3.524494	-3.270716	
-4.294767	3.530526	
-1.857468	0.789102	
-2.965676	0.985148	
-4.241058	-1.661322	
-3.665426	3.791007	
-2.960661	0.502506	
-2.808252	5.003543	
-3.202104	1.638479	
-3.267766	-1.723005	
-1.496955	0.836984	
-2.529526	0.591224	
-2.616859	1.081934	
-2.285858	2.478204	
-2.675095	3.095903	
-1.989569	-1.943516	
-2.211065	3.883336	
-4.679616	0.611725	
-4.281185	-1.996237	
-3.013555	-0.277958	
-3.478221	1.510754	
-4.126515	1.828875	
-2.112137	5.167295	
-1.384956	1.113542	
-3.329958	4.841537	
-4.605722	1.322763	
-2.622875	3.160017	
-2.313555	3.197145	
-2.800261	1.570079	
-2.526224	0.660678	
-3.031793	1.593247	
-3.448341	1.268226	
-3.080965	2.742805	
-3.813179	5.649324	
-2.283529	4.648662	
-2.273995	-0.015559	
-3.002292	4.669918	
-2.974934	2.667896	
-3.058554	0.429887	
-3.279072	2.873584	
-4.553123	-0.626766	
-3.102686	3.803720	
-2.823047	3.299694	
-3.756906	0.496432	
-2.569982	2.282069	
-1.799681	1.983157	
-2.735391	5.001620	
-3.135366	3.327891	
-2.029048	0.283309	
-2.792319	1.995741	
-1.150488	0.388344	
-3.437099	-1.066570	
-0.185474	3.907161	
-2.630961	2.401295	
-1.887774	-0.133780	
-4.865963	3.074483	
-4.032428	-0.937666	
-1.169253	2.260103	
-3.341625	-0.382625	
-3.766464	-0.643567	
-1.109692	0.883473	
-3.394222	-1.221024	
-1.849893	0.936559	
-2.763030	2.240821	
-3.003869	6.189559	
-2.120441	2.392650	
-4.226011	5.547660	
-0.907807	5.193729	
-3.055284	1.889772	
-3.503799	-1.582420	
-3.148842	2.789126	
-1.842659	-4.089058	
-3.973860	-3.121102	
-2.315228	3.950991	
-4.464934	3.685815	
-5.111879	3.223083	
-2.232370	3.204666	
-3.723482	1.772582	
-1.618979	2.540306	
-1.086494	3.476136	
-2.059155	1.655286	
-4.029161	3.844161	
-2.418375	1.952982	
-3.494664	4.499230	
-3.176176	1.219183	
-2.746680	0.326824	
-3.464483	0.640376	
-2.739740	0.921207	
-3.971907	2.911867	
-2.231947	4.994639	
-5.057820	1.314535	
-3.308114	2.076828	
-3.931330	-0.800016	
-5.146781	4.833972	
-3.306657	2.629581	
-1.965943	-1.470329	
-1.823434	2.032421	
-3.717525	0.208638	
-4.202035	2.005509	
-2.902614	-2.658146	
-3.822983	0.883544	
-3.788546	3.953096	
-3.257307	5.296566	
-3.418068	3.267058	
-4.810172	-4.204525	
-1.687108	2.531244	
-2.499766	2.755504	
-2.993032	1.043985	
-2.333480	1.631795	
-2.421424	4.092399	
-1.296587	-0.721800	
-3.631252	-0.425249	
-3.852160	4.184717	
-2.117359	3.160490	
-2.030315	4.073794	
-4.419487	3.068782	
-1.975840	0.122368	
-1.948796	3.299169	
-3.445032	2.319405	
-1.414881	1.946988	
-1.236330	0.016265	
-3.504718	1.363874	
-2.909599	0.958160	
-3.059839	3.347547	
-4.641030	1.637087	
