nb_cluster = 6
nb_iter = 20
nb_data = 300
seed = 0
0
0
0
0
4
4
4
0
0
0
0
4
0
0
0
0
0
0
0
0
0
0
0
4
4
0
0
0
4
0
4
4
0
0
0
0
0
0
4
0
4
4
0
4
0
0
4
4
0
4
1
1
1
1
1
1
3
1
1
1
1
1
1
1
1
3
1
3
1
1
1
3
1
1
3
3
1
1
1
1
1
1
1
1
1
3
1
1
3
1
1
1
1
3
1
3
1
1
1
1
2
2
2
2
2
2
2
2
2
2
2
2
2
2
2
2
2
2
2
2
2
2
2
2
2
2
2
2
2
2
2
2
2
2
2
2
2
2
2
2
2
2
2
2
2
2
2
2
2
2
5
5
5
5
5
5
5
5
5
5
5
5
5
5
5
5
5
5
5
5
5
5
5
5
5
5
5
5
5
5
5
5
5
5
5
5
5
5
5
5
5
5
5
5
5
5
5
5
5
5
2
2
2
2
2
2
2
2
2
2
2
2
2
2
2
2
2
2
2
2
2
2
2
2
2
2
2
2
2
2
2
2
2
2
2
2
2
2
2
2
2
2
2
2
2
2
2
2
2
2
5
5
5
5
5
5
5
5
5
5
5
5
5
5
5
5
5
5
5
5
5
5
5
5
5
5
5
5
5
5
5
5
5
5
5
5
5
5
5
5
5
5
5
5
5
5
5
5
5
5
