nb_cluster = 6
nb_iter = 10
nb_data = 300
seed = 18735453194
1
1
1
1
1
2
1
1
1
1
1
5
1
1
1
1
1
1
1
1
1
2
5
1
1
1
1
2
1
1
1
1
1
1
2
2
1
1
1
1
1
1
2
1
1
1
5
1
1
2
1
1
1
1
1
1
5
1
1
1
1
1
1
1
5
5
1
5
1
1
1
5
1
1
5
5
1
5
1
1
1
1
1
5
1
5
5
5
5
1
1
1
1
5
1
5
5
1
1
1
3
3
3
3
3
3
3
3
3
3
3
3
3
3
3
3
3
3
3
3
3
3
3
3
3
3
3
3
3
3
3
3
3
3
3
3
3
3
3
3
3
3
3
3
3
3
3
3
3
3
0
0
0
0
0
0
0
0
0
0
0
0
0
0
0
0
0
0
0
0
0
0
0
0
0
0
0
0
0
0
0
0
0
0
0
0
0
0
0
0
0
0
0
0
0
0
0
0
0
0
3
3
3
3
3
3
3
3
3
3
3
3
3
3
3
3
3
3
3
3
3
3
3
3
3
3
3
3
3
3
3
3
3
3
3
3
3
3
3
3
3
3
3
3
3
3
3
3
3
3
0
0
0
0
0
0
0
0
0
0
0
2
0
0
0
0
0
2
0
0
0
0
0
0
0
0
0
0
0
0
2
0
0
0
0
0
0
0
0
0
0
0
0
0
0
0
0
0
2
0
