1.256555	1.998639	
6.056792	-0.061686	
1.400170	4.085897	
1.754744	4.019876	
5.388135	-1.082693	
3.342103	-4.656548	
3.194056	-5.405082	
1.810666	-1.125328	
2.205578	0.386659	
3.339168	-0.319912	
3.486520	-2.485190	
8.388778	1.312782	
7.609430	-0.748213	
7.249812	0.487930	
7.444137	4.049533	
4.625651	0.011716	
3.806097	1.291882	
3.127962	2.938662	
1.142505	-0.116459	
2.700717	-3.199791	
3.147851	-2.334798	
2.597300	-0.586582	
3.576245	0.040982	
5.553531	4.347607	
3.012006	0.150391	
6.615359	-4.556680	
3.464405	1.457231	
4.294126	0.992689	
2.709271	-0.277382	
1.557859	-4.149036	
5.433467	-1.757363	
2.498151	-4.481058	
3.100490	1.188330	
3.213544	-2.546178	
6.372775	8.090735	
5.935883	0.611965	
0.478655	-8.198508	
4.949699	-3.333535	
6.315719	-0.015700	
3.973283	3.565911	
8.652788	3.847696	
5.407622	-0.165843	
3.020142	-2.493008	
1.988891	-1.265326	
7.480598	3.479505	
4.705348	-0.804755	
3.088719	-7.024833	
4.882950	-1.864579	
6.069366	-2.465704	
5.695360	-4.056440	
6.063888	-1.385789	
4.184286	0.072288	
3.375817	-2.886709	
3.822910	3.651684	
3.824603	2.153634	
4.550513	0.279685	
5.357571	-1.376968	
4.996436	4.443050	
1.345766	0.417107	
2.033945	-4.471746	
-0.159096	0.635429	
1.938681	6.461153	
4.853492	8.119340	
3.495831	0.943562	
6.291782	1.941023	
2.548322	0.564187	
3.092961	5.370158	
-0.706505	2.375610	
6.316468	-1.479766	
3.953041	0.812810	
4.893027	-2.211496	
3.693003	-2.874746	
2.920133	2.363302	
2.504620	-0.622411	
4.323773	3.363914	
5.036806	1.740682	
1.945568	0.032421	
1.638543	-1.516384	
4.045988	1.080626	
2.902371	3.073689	
1.869794	1.443833	
3.655622	-0.796067	
2.699206	4.590072	
4.890898	-4.708448	
2.241492	1.155985	
4.373211	4.647982	
3.479350	1.339413	
3.407793	-2.962995	
6.433103	3.198543	
2.948643	-1.904349	
3.837737	1.224043	
3.522200	0.152110	
3.551980	-3.636317	
6.568918	1.697255	
3.475208	0.002631	
5.327565	-0.687549	
7.369457	3.881774	
1.782082	1.477255	
7.711533	1.223098	
4.508977	-0.031499	
2.774847	-1.249144	
4.300055	-3.620547	
1.438000	4.372407	
2.404925	2.772423	
2.763024	-1.406413	
1.714659	-1.452341	
5.782650	3.273864	
1.476123	-3.760666	
3.211329	5.026495	
1.145563	0.033511	
3.736682	2.066333	
5.743902	0.738804	
4.113720	-1.080809	
3.954622	-4.515596	
4.378958	6.043382	
4.905311	4.220690	
1.347009	4.010189	
6.016900	-2.991508	
6.677413	2.509679	
5.974275	2.570022	
2.389077	6.177025	
6.262273	8.285103	
-2.323314	-1.141948	
3.940500	-2.162910	
1.816829	1.804999	
2.198230	-0.169850	
1.145734	-10.625287	
6.107702	5.510167	
4.840877	-2.729430	
6.881907	-1.546488	
5.988212	-6.581946	
8.832000	0.131509	
5.924289	-0.012643	
2.482382	-2.957238	
4.721531	-2.329938	
1.485069	-5.075104	
5.709426	-4.846048	
3.223756	2.949081	
3.091709	-3.480535	
4.137044	-2.262437	
1.370653	2.151180	
1.647014	-2.635624	
2.916328	-0.770598	
4.755707	2.924342	
2.395294	2.838039	
4.089492	5.843752	
2.093192	-5.827383	
1.764590	-5.006989	
2.435601	-0.986093	
0.532450	0.132531	
0.383386	2.417857	
3.441295	1.445674	
4.561005	-2.942523	
5.733917	4.426768	
3.186880	-2.218941	
1.757208	-3.165091	
0.788371	2.398170	
5.273994	-4.028559	
5.190544	3.737388	
6.775508	3.014731	
1.824838	-5.123757	
3.999565	2.281422	
5.820688	0.265427	
3.455790	1.513644	
1.009493	-0.761451	
3.909352	-0.662097	
5.176334	-1.404524	
3.265065	-3.393404	
5.796789	-3.336041	
6.196194	1.042122	
4.236875	-4.268455	
3.113871	-0.075643	
4.758043	-2.698586	
4.164363	-2.169514	
6.907957	3.792802	
6.482186	-1.445608	
4.757789	-3.469116	
2.064299	2.672683	
4.465084	1.122542	
5.809606	1.639917	
3.154424	3.507490	
5.660815	-1.434202	
3.469113	0.075421	
5.746252	0.878874	
4.938360	-3.090124	
1.693206	4.938282	
4.844781	2.614369	
4.908564	-2.272574	
4.046933	-1.868640	
6.246060	2.475457	
7.295817	-0.052227	
6.456151	-1.964796	
5.449568	-5.172162	
4.623417	-7.116288	
1.159682	-3.145499	
2.277816	3.549920	
1.812796	-0.387518	
5.675697	-3.076426	
0.083953	2.069812	
5.635690	-1.926731	
6.237974	0.021824	
8.121122	-0.679057	
1.690451	-2.835439	
8.254089	2.695705	
-0.469317	7.366030	
0.154468	-5.967531	
2.402151	2.116765	
3.373020	-2.953705	
3.512757	-2.759994	
2.290007	-0.266212	
5.013634	-2.101040	
0.733949	-3.444831	
5.190961	4.559041	
4.555500	2.005133	
0.323206	-2.091149	
4.658068	-3.405838	
3.614147	-1.250013	
5.461032	0.777748	
4.785686	-0.477294	
5.012166	-0.384575	
2.848684	4.962285	
4.497753	-0.955222	
6.836737	-3.165062	
5.498231	-0.656812	
4.936152	-3.598516	
0.681958	0.923116	
8.078306	3.261250	
5.076005	-3.716799	
4.062424	-0.919657	
5.554960	-2.678872	
2.580748	2.540267	
8.672175	6.024360	
4.412223	1.068796	
5.136352	-2.852988	
3.348619	-3.338861	
5.229733	3.114863	
4.608349	-2.473464	
5.299251	0.265782	
4.284555	-0.790657	
2.977138	-7.911039	
8.114278	-3.365828	
0.928601	-0.051783	
5.636828	4.571246	
1.815143	-1.784462	
4.517769	1.549729	
4.961068	-0.876186	
0.279438	-4.018416	
3.725629	-1.938292	
3.290199	-3.204193	
2.892925	-5.260350	
6.071286	3.462671	
3.482241	1.878423	
4.634454	-0.114551	
0.611031	-2.546761	
2.502359	4.235038	
4.338325	1.261924	
1.220524	0.757679	
3.355979	3.505481	
2.328151	-1.861433	
6.580472	9.264178	
5.288743	-0.571678	
4.119550	-1.372292	
5.484120	-0.071920	
5.754043	-4.368647	
5.726437	-0.097074	
2.178682	8.323494	
6.888408	3.020201	
1.252251	1.533166	
4.543329	1.212681	
0.877650	-2.649518	
0.493279	-3.583861	
5.835488	0.319397	
0.859435	-2.627413	
7.278658	-3.312784	
3.817108	0.231339	
3.236671	-3.043491	
4.390820	-2.572646	
4.070989	2.688176	
4.281284	-0.913522	
3.072759	-1.119451	
2.712409	5.197104	
0.467837	3.487326	
8.472894	2.931208	
3.303285	-1.181933	
4.629065	-2.462884	
2.461219	-0.133527	
2.487698	0.149258	
3.614512	-2.498743	
4.921060	4.476964	
1.376421	-1.794479	
3.224631	0.383807	
0.304554	1.705764	
2.007158	1.680107	
4.228364	-3.540827	
3.898655	1.295685	
3.335219	3.615467	
4.077034	0.055328	
2.541218	0.575901	
3.657641	-4.205941	
3.828539	-0.509547	
5.787695	-0.328464	
6.270139	3.029463	
1.994335	0.439814	
3.699831	0.551268	
3.004032	0.452313	
-0.359759	2.020651	
5.150603	4.561038	
5.343403	3.350119	
2.155247	-0.662010	
4.427223	0.299790	
7.595649	-1.964625	
5.215485	-0.094007	
5.014946	-2.343268	
4.941241	3.117448	
3.943561	-0.846752	
1.031647	-2.379841	
2.054208	1.004761	
5.248365	3.542599	
2.687551	3.915467	
5.721962	-2.376338	
0.996033	3.533301	
2.719661	1.929391	
4.625460	-4.986031	
4.211334	-1.731108	
7.043659	1.642533	
6.590868	1.362153	
3.358870	-2.693072	
7.797186	1.700784	
4.495798	0.378293	
4.822314	-4.975427	
2.355071	1.653021	
5.220260	2.203561	
2.401270	-0.663788	
3.061195	6.178896	
6.021205	-2.012106	
2.432325	1.314326	
2.323026	-2.242850	
2.282367	3.614114	
5.404458	4.718950	
2.582341	2.640802	
2.813734	1.169197	
3.205470	-5.912276	
5.208362	-4.944444	
2.046551	-3.534714	
4.156786	0.852487	
1.498970	6.096007	
3.372513	-4.096483	
2.902720	2.955405	
1.597898	0.884214	
3.023893	-5.205890	
5.657575	2.439825	
8.232940	-2.022278	
5.652360	-2.762245	
2.271186	-1.157525	
6.388636	1.198990	
3.153900	-8.752313	
3.513276	-1.951847	
4.214560	2.320863	
5.231431	6.695877	
3.836446	4.532486	
4.149403	0.386730	
1.210472	1.108366	
5.373635	-3.283839	
2.724500	0.246068	
2.790795	-0.360629	
6.611383	-1.220146	
6.110479	2.736733	
5.894211	2.623757	
4.727681	-0.404020	
8.658383	1.712234	
4.700071	2.133338	
6.301329	-2.827467	
3.447097	2.473795	
4.705952	-4.274738	
1.800840	-1.926764	
0.586350	-1.086463	
3.760004	0.168881	
3.937873	2.758628	
3.252711	-5.839267	
5.594354	1.510886	
3.978713	3.916488	
1.527555	1.717882	
7.183666	-0.389131	
3.504097	-2.856593	
0.542140	2.982692	
2.253271	2.233878	
5.462869	3.162365	
6.239890	-3.066975	
3.776348	1.474683	
0.202699	2.923195	
7.587585	-9.878046	
4.379387	-2.087969	
5.153701	2.805343	
2.865389	1.121863	
0.841931	4.580101	
5.342343	8.396418	
6.323192	-2.835913	
2.946245	2.675990	
3.447783	-1.020802	
5.501138	0.913106	
3.878680	-8.021159	
8.680823	-4.310996	
3.451587	-0.075784	
1.451111	-0.523826	
-0.107370	1.156046	
4.846993	-0.610959	
3.724618	2.673483	
2.830778	0.744715	
2.270927	-2.888838	
4.444845	-2.596717	
6.237249	-4.913207	
4.120981	-0.133045	
4.191808	3.738017	
4.150235	2.755827	
2.863185	-4.707904	
9.292184	-4.017594	
2.841813	-4.108754	
0.722173	-2.460211	
3.433013	-0.074516	
7.109434	3.156785	
4.861878	5.724554	
5.523860	-0.224641	
3.482066	-0.140105	
2.130263	-3.030085	
8.170519	-1.353227	
3.511729	-0.340314	
3.274276	-0.062436	
2.279271	-0.697422	
0.505636	0.788270	
2.320053	0.280731	
8.951458	1.201722	
4.331412	0.741685	
2.140055	-3.194301	
5.805683	-1.074766	
2.993628	-2.198470	
6.174085	-1.458610	
8.038893	-2.070613	
5.614662	2.905347	
3.448706	0.141053	
5.761426	-0.059077	
3.533171	-0.871977	
2.596278	-1.865403	
2.782465	-0.847584	
3.175419	2.313401	
4.061266	4.720151	
2.548831	-2.427846	
5.347889	0.078130	
4.794264	1.061664	
5.789852	-1.823007	
5.665562	-4.625627	
3.291838	-4.275656	
2.467328	-2.048426	
1.516116	-0.966120	
2.491653	0.766327	
5.002340	1.124347	
1.844990	-2.699609	
2.285935	-3.750401	
6.207885	1.508275	
3.042942	4.773834	
4.395334	-0.904858	
3.615843	-0.679307	
3.824318	-0.484835	
3.457129	-0.292319	
5.021563	-2.281107	
3.157717	-6.002540	
5.236617	0.781385	
1.970988	-2.744413	
6.138272	4.420357	
5.047612	3.254597	
3.367983	3.471793	
4.981429	-1.545620	
6.211615	-3.156568	
5.566173	-2.854891	
3.665970	-9.760527	
6.003965	-0.649141	
4.418565	-2.049911	
3.215968	-0.319963	
2.499948	0.234783	
3.134031	4.822508	
6.428063	1.301469	
2.385013	0.467759	
0.357795	-3.498710	
4.277536	-1.007453	
7.768919	1.192032	
5.516588	-6.505851	
3.186822	-1.977980	
4.898851	3.869020	
4.980946	-0.288567	
2.212194	-0.826655	
-0.026251	7.040182	
2.234977	0.386964	
0.511415	-0.161026	
4.483289	-1.999677	
4.255596	0.565175	
2.898663	-2.753836	
3.388078	-2.003505	
5.481934	-0.329287	
-0.048276	-3.830770	
2.459436	2.958852	
7.120085	-2.309390	
6.331162	-2.072360	
8.888100	-1.532281	
-1.463600	-3.315334	
3.037594	0.013840	
4.825037	-2.657313	
4.463234	0.481266	
8.003421	-1.665955	
5.793579	-3.510294	
4.075225	-0.347242	
2.331570	-1.657902	
7.530692	5.161847	
5.223905	3.030106	
6.042593	-1.653419	
3.237538	0.689802	
3.597206	4.672942	
1.623176	-1.925457	
3.578014	-0.102109	
5.467387	3.457137	
2.232335	3.670541	
-0.288495	-4.433854	
3.472983	-1.142769	
4.083862	-3.609932	
2.217939	0.976908	
5.006477	-2.267022	
2.947832	-1.925019	
1.756333	-5.194930	
2.656554	-0.681664	
1.255946	5.596221	
4.365489	-0.281145	
4.964248	-0.187164	
2.132939	1.445979	
5.062069	3.325873	
2.926785	5.177422	
7.080385	-2.826333	
6.625943	0.446870	
7.212362	0.214912	
3.362128	1.169618	
6.460502	0.541837	
7.453116	0.597685	
5.997330	-1.114058	
6.541433	-2.528958	
2.160913	-1.569906	
3.702810	0.864603	
3.176942	-0.985148	
4.482533	2.252275	
5.750154	2.345832	
8.164462	-3.288919	
3.432623	1.046612	
4.536715	4.322641	
1.643951	-4.587092	
1.732719	1.976090	
6.602514	0.370329	
3.065027	-2.962029	
4.991950	1.491190	
3.897157	-2.703100	
2.738023	-3.466504	
4.512182	3.462885	
6.812902	1.730137	
3.227062	0.929153	
5.389797	-1.987987	
3.656884	-4.333427	
4.849363	-6.469813	
2.883393	-4.852085	
2.179251	0.347945	
-1.027817	0.517834	
1.510275	1.097483	
2.525310	-2.685726	
1.903803	5.758752	
3.884819	-3.091830	
5.229152	0.247732	
1.098137	-7.455104	
4.640923	0.152631	
6.746040	4.137903	
5.423937	3.452458	
6.304249	1.828440	
3.726001	-2.198364	
3.423193	2.376874	
4.777367	1.717610	
4.792316	0.428037	
4.967885	2.818940	
2.703204	-0.342329	
5.231369	5.170635	
2.810448	2.900501	
3.349943	-0.724900	
1.950019	-2.063301	
4.904920	1.588061	
2.344136	3.367675	
4.679101	3.091625	
6.828170	-0.564166	
9.887400	6.708360	
6.749451	4.573522	
4.617097	-1.098667	
3.937114	2.860288	
5.787953	-0.187364	
5.672371	3.361003	
8.644981	-2.872805	
3.822402	-1.968609	
3.486074	3.035793	
4.534717	1.345732	
3.544797	-2.407926	
2.477980	1.702194	
5.895102	0.929824	
6.692639	-0.022011	
4.463831	-1.704075	
4.589181	-3.577417	
5.041455	4.249935	
4.582713	-1.949797	
3.671991	3.891357	
4.296324	-1.317229	
0.675085	2.879361	
3.035756	-3.433965	
6.158274	2.470762	
5.861161	5.611437	
5.058142	2.721539	
4.651878	-2.149454	
4.708413	0.202485	
2.662248	2.946909	
2.458983	0.287452	
4.049500	5.728486	
4.266063	-3.072979	
4.169991	0.729525	
1.784763	-3.936352	
2.913605	2.528289	
3.629124	-0.659132	
5.904647	2.268890	
0.068264	1.338688	
1.471755	3.214796	
7.388150	-1.329444	
4.163291	1.127825	
4.474754	1.829700	
1.417977	2.894128	
2.050269	-4.001769	
3.336238	2.046533	
1.675244	-1.280782	
4.324833	-0.119912	
4.057614	1.656337	
4.805378	-1.487808	
8.641114	-4.395754	
2.262956	-5.327481	
1.503321	5.985248	
3.328238	-5.709052	
3.019420	0.554509	
2.445794	-5.473144	
6.702815	0.023731	
0.864451	-2.470796	
4.977087	-1.934370	
2.613847	4.383690	
7.396151	-0.248869	
1.226665	-1.228666	
4.312110	-1.241289	
3.570350	-1.602268	
4.160332	-0.032343	
7.191759	-0.250198	
1.902157	-1.257181	
3.860143	-2.116992	
7.796274	0.861569	
0.625794	6.252373	
3.034549	-5.185190	
5.506891	-5.337776	
3.991239	-3.656182	
8.718623	5.079513	
4.575407	-1.463987	
1.393254	-9.412477	
0.041697	-2.083576	
3.989670	-1.245353	
4.392790	1.822640	
0.875752	-1.210178	
1.628765	-3.246061	
4.987314	-0.250909	
3.461946	1.837787	
6.733649	-7.881971	
2.909824	3.432045	
4.214005	3.653083	
2.415431	0.074982	
5.318306	-3.173010	
4.425036	-1.939332	
4.544729	-0.930011	
4.974919	2.363994	
3.807067	0.422283	
6.831423	0.416156	
3.529365	-0.511398	
3.053739	-0.656575	
2.632452	0.430138	
2.815705	1.812865	
4.289568	0.905233	
6.067833	3.669971	
9.416325	2.108713	
2.566945	-0.150448	
1.559858	-4.305542	
4.796569	-0.575876	
2.542318	5.125623	
6.242438	3.038571	
3.052262	-3.085572	
3.412256	-0.809323	
6.876400	2.785377	
6.435331	-5.947513	
3.480544	-1.130878	
3.600625	0.640694	
4.495568	-1.198921	
4.766013	1.603010	
5.246372	3.108013	
5.500775	-2.821761	
6.930702	1.151811	
2.592971	1.006493	
5.467226	3.046734	
3.208107	1.235303	
5.709864	0.371370	
6.643353	-0.773169	
4.075575	3.455460	
2.655746	-2.703112	
5.796129	3.306063	
3.395299	0.414991	
6.299864	1.251113	
5.481167	-1.334945	
6.350136	0.536720	
3.567517	-4.024021	
4.008250	-1.452683	
5.485543	0.331683	
4.667186	1.162649	
1.856644	2.998626	
6.415201	2.876323	
5.590089	0.592903	
-1.587691	-3.723643	
6.568522	1.179425	
5.197781	-1.054647	
4.377454	0.440308	
5.264175	-1.164913	
2.521654	2.259330	
4.381064	0.645145	
4.562773	1.274015	
1.628892	-2.150520	
5.513836	-0.580141	
1.962358	2.451313	
-0.914088	0.642188	
2.884279	2.914011	
1.511733	-2.170195	
2.991390	-4.772411	
4.065781	3.281672	
4.220739	-0.966500	
5.497435	6.938452	
5.655703	6.125625	
6.579229	3.487741	
6.604839	-0.042217	
5.923983	0.030204	
2.739923	-5.303739	
4.148935	-3.791329	
1.899230	-0.379488	
4.715144	-4.849617	
6.409755	-4.924858	
4.488924	-5.173735	
3.376038	-2.595472	
5.943923	3.888954	
6.599349	3.319722	
1.074528	-5.056742	
4.707244	-1.174212	
5.247513	2.145589	
3.841200	-1.375546	
3.987617	0.842426	
-0.875126	4.997762	
0.469804	7.081821	
5.046873	-3.999785	
8.149634	-2.812364	
1.285949	-5.787258	
1.784911	4.446266	
5.758873	5.689650	
5.834943	-0.644678	
6.392758	-2.326975	
2.436495	0.565578	
8.051548	-2.096555	
7.348407	1.025067	
4.904490	-4.423988	
4.191677	-0.917602	
3.871734	-4.154008	
2.817482	2.627835	
2.497050	-1.147281	
3.850748	-0.626505	
7.290763	-4.047725	
3.839986	1.707301	
-0.555411	4.518155	
7.333912	0.263587	
6.990369	-4.419947	
0.713754	-1.676503	
10.780937	-1.662916	
2.468343	-3.259406	
3.219309	-5.324426	
4.117407	7.099652	
7.348697	0.019100	
6.443724	0.569746	
3.867451	-2.311217	
6.342267	1.515187	
4.091289	-0.602922	
5.927424	-4.125535	
3.346679	-2.508262	
5.499636	0.299406	
5.691205	1.952635	
4.980635	-1.891398	
3.811737	2.199677	
6.840873	0.648282	
5.829015	3.495794	
3.375460	-6.147614	
5.624623	4.935607	
5.160573	-1.352427	
4.128739	0.972750	
4.930266	-2.446406	
2.507844	4.423500	
5.562307	0.576137	
4.671185	2.044572	
4.271571	-4.277944	
2.916968	-0.139750	
4.231851	1.566575	
4.589025	1.047380	
4.716894	2.346705	
2.399976	0.980307	
6.233449	1.475510	
4.118306	-3.365556	
4.650635	-1.527513	
-1.031481	-2.621223	
5.406072	4.967880	
6.347511	-2.485151	
3.653986	0.002750	
-0.188932	-5.090939	
5.210697	-1.225006	
7.345878	2.651550	
2.524838	0.385358	
3.807222	-5.455160	
0.995587	-1.973061	
1.536036	1.470820	
4.311160	-2.376309	
3.566236	1.046422	
4.953299	-6.146410	
0.227304	4.025219	
5.248151	-4.734512	
3.564436	-0.611232	
2.352381	-1.778478	
2.452764	-0.918389	
0.623780	-6.092467	
3.846460	0.769349	
4.950555	-2.193253	
6.063407	2.779055	
4.985784	1.243723	
6.248451	-3.683937	
5.039184	1.473473	
0.992158	-0.485654	
2.302578	-0.756233	
7.563691	-0.476381	
1.991460	0.274969	
4.404012	1.338791	
1.307397	-1.342693	
6.739892	1.666626	
8.601978	1.847667	
4.521195	-1.827411	
9.413642	2.037941	
6.118480	2.609237	
3.571977	1.242183	
4.993423	-1.322523	
3.033704	-2.046743	
2.973340	1.466414	
2.269611	2.580515	
0.721706	-10.154254	
0.385142	-2.513677	
6.622110	0.768368	
4.229182	-1.089898	
2.567807	-3.345090	
1.285952	0.527268	
2.726474	-4.772718	
0.779880	5.518926	
4.271660	-2.097603	
5.145034	1.314126	
3.853859	0.078294	
4.153444	-5.406325	
1.635516	-1.031436	
3.610353	2.665623	
4.800386	1.162519	
2.549708	-1.224628	
3.283025	3.643065	
5.339834	-4.590650	
2.494464	-0.473348	
4.845531	2.551020	
2.057440	1.171810	
4.520388	3.144302	
3.212314	-2.194035	
3.841343	2.708849	
2.586777	2.744640	
5.213958	-0.261895	
0.847849	-2.721354	
1.936081	-3.042012	
5.525323	-1.670493	
3.505834	-2.744934	
5.453911	-0.875518	
2.771932	2.640761	
4.381143	-0.307570	
4.436079	1.996890	
5.175100	-1.246366	
3.679563	0.994208	
5.734868	-2.328645	
5.387336	-0.500285	
4.315779	0.800968	
4.057325	-4.467897	
2.962817	-0.646743	
5.615232	-0.708927	
1.037253	7.054723	
5.727046	-0.040073	
5.127783	3.372042	
3.021181	0.086567	
5.939415	-5.656993	
5.490878	0.800274	
2.674557	1.646123	
9.210995	-5.935007	
5.486484	3.679725	
3.777663	-3.967729	
4.911045	-10.703982	
7.610930	-8.436143	
5.510766	-3.266981	
2.217127	-3.287377	
2.682242	-5.317933	
2.682716	-0.227990	
1.715519	2.035762	
3.697861	-3.214031	
5.582283	-1.884634	
2.667800	0.482040	
5.116003	0.213203	
7.002042	3.622190	
3.843194	-2.980314	
6.079008	0.074224	
2.638532	-0.183879	
4.860110	-4.470729	
5.156753	4.167096	
1.540866	-0.254005	
4.807699	-6.036025	
4.617714	-3.459632	
2.631513	-1.403345	
5.543300	1.765317	
4.187675	-3.794178	
3.154955	-1.855053	
6.028252	0.523308	
2.522686	8.730370	
3.545381	3.532053	
3.853404	-5.900010	
-0.117358	-0.864746	
7.176504	-2.848000	
3.846280	-0.384364	
4.963163	0.064036	
4.470670	1.664127	
7.529795	-0.901756	
0.350950	0.690306	
3.818653	-1.227234	
3.064188	-2.894672	
2.806358	-4.580544	
2.048170	-6.450385	
0.984572	-1.326931	
6.263146	-2.058494	
3.784307	-1.129411	
1.670386	-3.580665	
2.795832	-4.292698	
7.076548	0.792766	
2.025678	1.700600	
2.069333	-2.801137	
7.734118	4.187908	
3.104650	0.953917	
2.956351	-0.739803	
4.174093	-4.620581	
4.586321	0.934541	
3.006051	3.022151	
1.899962	1.856349	
2.949161	6.566548	
6.325775	0.327275	
5.084190	3.903642	
4.285154	3.269742	
4.428791	-3.509202	
10.202868	2.465259	
3.260401	1.971561	
4.446422	-3.114760	
3.763046	-4.209220	
-1.230794	4.787850	
1.932611	3.186812	
5.337153	1.576794	
7.793396	-4.652976	
4.656686	-1.233069	
5.689634	-5.314946	
1.835504	-0.844392	
5.858119	-4.914785	
4.333880	-0.825573	
0.459755	3.664390	
4.219474	-2.428413	
5.033808	4.975092	
-0.108540	3.916928	
4.725536	4.143677	
7.649252	2.956585	
8.303589	-0.464085	
4.680041	-2.949773	
4.604715	2.879358	
6.042474	0.731778	
5.131901	0.876674	
4.992380	0.541369	
4.593000	-0.158953	
6.719466	3.664394	
4.280708	-6.079898	
5.064112	-5.030144	
0.475375	0.045952	
2.600639	-0.073171	
19.575300	-5.494058	
21.868445	-6.470095	
18.415496	-8.139824	
16.878394	-5.765513	
19.307296	-6.117095	
20.107209	-3.932739	
16.122491	-3.707993	
18.938321	-4.240471	
20.129414	-6.416106	
21.936533	-5.210203	
21.706095	-4.157622	
22.793596	-3.760680	
20.409230	-5.731350	
15.908852	-5.079696	
18.624333	-5.832857	
20.841669	-5.313446	
22.255785	-5.514247	
18.413549	-5.543760	
17.034441	-3.921517	
19.031215	-3.815296	
23.046743	-4.988005	
14.490311	-5.532380	
20.958244	-5.369137	
20.291661	-4.811913	
21.249607	-4.577705	
24.338152	-5.211831	
17.428034	-4.326661	
20.412476	-3.381116	
15.629932	-5.939167	
20.757938	-5.140027	
20.038826	-5.144794	
18.931640	-5.486444	
18.105389	-6.172759	
18.547777	-4.355404	
19.293950	-5.041439	
22.662826	-6.554089	
20.022762	-4.907792	
17.924331	-5.774791	
19.673055	-6.165293	
20.046660	-4.697398	
19.192803	-5.181943	
18.283988	-5.020199	
19.844146	-3.608835	
19.613964	-4.631660	
20.848486	-6.218269	
21.683618	-5.504688	
19.641028	-4.251088	
16.908202	-5.747466	
19.815778	-5.417719	
22.418051	-4.913267	
23.916611	-4.438439	
18.087498	-7.301754	
20.725887	-6.023964	
23.538934	-4.704554	
19.744849	-2.871364	
22.720271	-4.269023	
18.832806	-6.304946	
20.835095	-6.509158	
22.365155	-6.644133	
17.365613	-4.030670	
18.067875	-4.805907	
22.289000	-5.333298	
20.017929	-5.962813	
19.997069	-5.205331	
19.583400	-3.658992	
21.541845	-4.953115	
22.158126	-5.256079	
14.773193	-3.792924	
17.825905	-4.943785	
23.556533	-5.217545	
18.287012	-6.222036	
20.863033	-4.366495	
21.885339	-3.830210	
18.789213	-5.032327	
18.159417	-5.096763	
21.649148	-3.976825	
20.728804	-4.287012	
23.973552	-3.226312	
23.122810	-4.308442	
21.891146	-5.886528	
22.214696	-4.931387	
20.198662	-6.955322	
21.762345	-4.141714	
19.632534	-5.444674	
18.972912	-6.086309	
14.440395	-6.969991	
21.187949	-7.558871	
21.896688	-7.437324	
18.975150	-5.753984	
22.396173	-5.180624	
20.037636	-3.024847	
20.137156	-4.279311	
19.728963	-5.631571	
18.133171	-5.584138	
20.660101	-5.978169	
20.616785	-6.121654	
18.850318	-4.893876	
20.601746	-4.916108	
21.550220	-6.188386	
19.999378	-5.032455	
20.953318	-4.981884	
17.215689	-3.832138	
18.251436	-5.807553	
21.886688	-3.175926	
19.369010	-4.807107	
21.000337	-6.562929	
22.361536	-5.087566	
19.106402	-3.172700	
15.248295	-5.931817	
15.776514	-5.615773	
24.125819	-5.970822	
21.665797	-6.452621	
21.232149	-5.236658	
20.927600	-3.914319	
21.598792	-4.647746	
19.367473	-4.084103	
22.074846	-5.349712	
17.470553	-5.821590	
25.045686	-4.783546	
20.966736	-4.774574	
22.707925	-4.753644	
17.783817	-2.994447	
18.380694	-5.023963	
20.249098	-3.692690	
23.204606	-5.822441	
21.963030	-5.833152	
19.948616	-5.429122	
18.039656	-5.883644	
20.902416	-4.573370	
18.740611	-5.274390	
18.599201	-4.977302	
19.352557	-6.700488	
19.628937	-5.614058	
19.793362	-3.834343	
19.960765	-6.448553	
19.161159	-6.959060	
16.083381	-4.481684	
18.472600	-7.204903	
24.006365	-6.051503	
19.845509	-4.642206	
18.463602	-6.165063	
20.821574	-5.149315	
19.774571	-3.906213	
21.661520	-5.408592	
20.460235	-3.734718	
18.932192	-5.118881	
20.382386	-3.321598	
21.082435	-4.887129	
17.086653	-5.265035	
21.583539	-5.714285	
18.796352	-4.246917	
22.709905	-3.956772	
22.145221	-3.612940	
19.839679	-3.211370	
21.047015	-3.198229	
19.190467	-3.651808	
18.701362	-4.788721	
17.960555	-5.955455	
18.349329	-4.992998	
20.702381	-4.932796	
21.995093	-4.845517	
20.441138	-4.511767	
23.597294	-4.350625	
18.170195	-5.875529	
19.591858	-3.807838	
17.842228	-5.747082	
20.340871	-5.813046	
21.984995	-5.102625	
19.695786	-3.312221	
18.421032	-5.037822	
21.712455	-6.016570	
23.134143	-4.511859	
18.846826	-5.990192	
23.071747	-2.857467	
21.590656	-3.254965	
19.412349	-5.621559	
17.647188	-6.465472	
18.495166	-4.452616	
19.533421	-5.077804	
21.846672	-6.102482	
18.162655	-5.386486	
20.777516	-3.473567	
19.827879	-5.657986	
20.008391	-6.820355	
20.704747	-5.244456	
19.247089	-5.368004	
18.778834	-5.108900	
17.370110	-5.342199	
19.199985	-6.594294	
22.153060	-4.698999	
19.168832	-4.312973	
21.418745	-4.940882	
19.840388	-4.520410	
23.264109	-6.293308	
15.598410	-6.439314	
16.326001	-3.663956	
21.721249	-5.378957	
20.374988	-3.527183	
19.919805	-6.460554	
18.341690	-3.847481	
23.546021	-4.140747	
20.021615	-5.604810	
20.935634	-3.754636	
18.029082	-5.001438	
18.099021	-5.612092	
20.003136	-6.643358	
18.475484	-4.532335	
21.968081	-3.304614	
17.811504	-5.330263	
21.424973	-6.354939	
23.376031	-3.994483	
22.800255	-4.964408	
18.144404	-5.565868	
17.254995	-6.559249	
20.231264	-3.866506	
20.153553	-5.060431	
22.113548	-5.305120	
22.394329	-4.845371	
20.580745	-6.878889	
15.748605	-4.137843	
18.449213	-4.528043	
18.226301	-6.462645	
17.233533	-3.465375	
19.310233	-6.302898	
18.113961	-6.319852	
20.017617	-6.272398	
21.412595	-3.520578	
15.131983	-4.657882	
21.492386	-3.600185	
20.275115	-6.476697	
20.199150	-3.927442	
21.754349	-4.538944	
19.264149	-5.488201	
21.920760	-6.923733	
20.450252	-4.822823	
16.042533	-5.011292	
19.106661	-3.867158	
21.075865	-5.950511	
20.326807	-6.353766	
19.762894	-4.350620	
20.446253	-6.149289	
19.450930	-5.923502	
21.460110	-4.296721	
18.599041	-4.224144	
22.416919	-7.314206	
20.235313	-6.325099	
21.281971	-5.659073	
21.334268	-4.687186	
21.895762	-5.090880	
15.572446	-6.248477	
19.510021	-4.861986	
18.691488	-4.915786	
18.374523	-7.275838	
18.514931	-6.443150	
22.187031	-6.580961	
17.465596	-3.930187	
20.562276	-4.377177	
19.576608	-3.626336	
21.493682	-4.237601	
18.552255	-4.855099	
19.507967	-5.421890	
21.543928	-3.849090	
19.953728	-4.218836	
17.287394	-4.710681	
18.378713	-5.923925	
19.061450	-5.011412	
22.382854	-4.668995	
16.785103	-3.012103	
20.227478	-5.059808	
17.341630	-4.577630	
21.962200	-2.110058	
22.025641	-3.171942	
18.254227	-4.939965	
23.775564	-5.639460	
18.829883	-4.854533	
18.404474	-3.708404	
21.205095	-5.224921	
18.566926	-6.302607	
18.621320	-5.067713	
21.951782	-5.650912	
20.775992	-3.546172	
19.664487	-5.832774	
20.931318	-5.336492	
18.704081	-2.499847	
20.197802	-2.849836	
21.563342	-5.053137	
21.590443	-5.808828	
21.583336	-5.879053	
20.376387	-5.024307	
19.391848	-5.105135	
21.610811	-4.581306	
21.727999	-6.655383	
23.461349	-5.681997	
20.499913	-4.848340	
22.675588	-5.369664	
22.213175	-6.327568	
20.826742	-4.837421	
19.152872	-5.991690	
18.490914	-2.875769	
17.160993	-5.478569	
18.722662	-4.445947	
18.030620	-5.817615	
21.737046	-5.783374	
21.415287	-4.910653	
23.972825	-4.681267	
21.664702	-7.273267	
19.308840	-3.930489	
21.621995	-5.584299	
20.437624	-4.313716	
21.029208	-5.545748	
19.703055	-7.173894	
20.729953	-4.764737	
20.802055	-6.175449	
21.961344	-6.342863	
21.455850	-4.372378	
21.983417	-6.169930	
16.570932	-5.211317	
21.513979	-4.582661	
21.487697	-5.065539	
19.238605	-4.617998	
18.732603	-3.887847	
19.921971	-3.992946	
20.359640	-6.280835	
20.404911	-6.672969	
19.997072	-5.747152	
21.005235	-4.499983	
23.635235	-5.376759	
19.329669	-4.860950	
17.865956	-5.858869	
17.814584	-5.107564	
18.184898	-2.676093	
21.765922	-4.474262	
21.099410	-3.008023	
14.423303	-4.265324	
19.797307	-5.311095	
20.518683	-6.184629	
18.213941	-4.624153	
17.732387	-5.120121	
19.248254	-4.442453	
22.584118	-5.684029	
14.156241	-5.547448	
19.033653	-2.951104	
18.536831	-5.498208	
18.816341	-5.485067	
20.313412	-3.537546	
20.501640	-4.286701	
23.093140	-5.762891	
21.510722	-4.831593	
17.715038	-6.402117	
20.903619	-4.975083	
22.107537	-7.182534	
18.637530	-3.516732	
15.747413	-4.108401	
16.289724	-3.984099	
19.869450	-6.757439	
22.216049	-5.422293	
22.242656	-5.627394	
19.116841	-5.224097	
18.447999	-5.460850	
20.053362	-6.327536	
17.564049	-4.855038	
23.698671	-6.083082	
20.916263	-5.258195	
16.624596	-5.712002	
17.838604	-4.984800	
21.345082	-4.938902	
20.284170	-6.445654	
20.627200	-5.673675	
19.386088	-4.666272	
20.951852	-5.743750	
17.738831	-4.864329	
22.186157	-3.839196	
21.562122	-6.870084	
19.712584	-4.909771	
24.892886	-5.209314	
22.267399	-4.246328	
22.486181	-4.297061	
22.143837	-5.415419	
22.078189	-5.531222	
19.823700	-3.696822	
20.096684	-5.574566	
21.322933	-3.975656	
13.492946	-4.225701	
17.950840	-3.951076	
21.517117	-4.679699	
23.459064	-3.859415	
22.749125	-5.245828	
19.425209	-5.575293	
21.548359	-5.779252	
22.256704	-5.831353	
22.439718	-5.319890	
23.127866	-5.790543	
21.597287	-5.752382	
22.173817	-5.989227	
21.201837	-5.624862	
17.939539	-7.253795	
21.397036	-5.967795	
21.869688	-3.727068	
16.406470	-5.786697	
17.186278	-5.393740	
22.543539	-4.180913	
17.222111	-4.629358	
20.953102	-4.112930	
22.634663	-4.292666	
25.607068	-3.619036	
21.604546	-6.963780	
21.451925	-3.396299	
19.570557	-3.473551	
22.306564	-4.214009	
18.982278	-4.341474	
23.289504	-5.669719	
19.213510	-4.426650	
20.781665	-4.316026	
19.719652	-7.633805	
15.434511	-2.766041	
15.410983	-3.787872	
20.003676	-4.121125	
18.116964	-5.303461	
16.368033	-4.041086	
20.903576	-3.648091	
18.946840	-7.210477	
19.511024	-4.746088	
19.992540	-5.302530	
17.481953	-4.393912	
15.522262	-6.060753	
20.098470	-5.295483	
21.043799	-5.589484	
22.391862	-5.443390	
20.856878	-4.731554	
24.253079	-5.081499	
19.859854	-5.850427	
15.204742	-7.847422	
19.713985	-5.354087	
21.692371	-3.399606	
20.614994	-4.351019	
21.625626	-3.681304	
19.410627	-4.184621	
18.507190	-5.641561	
21.635169	-5.160904	
21.122526	-4.763386	
21.422344	-5.136517	
19.351625	-4.253978	
21.144420	-3.958849	
19.549027	-3.399557	
18.189866	-4.856201	
21.377055	-4.792134	
18.460965	-4.096344	
20.432294	-2.641136	
19.337360	-4.528164	
18.516891	-5.143897	
17.375176	-4.373465	
20.847466	-5.994618	
20.328537	-5.026265	
17.906563	-4.430521	
17.404496	-6.390454	
17.467350	-5.714060	
19.823672	-5.270604	
20.539023	-6.538728	
21.207134	-5.004264	
19.600313	-5.196844	
17.090083	-4.809680	
21.213971	-5.116053	
20.164086	-7.107044	
17.083493	-3.784147	
19.656278	-4.929458	
16.727179	-3.689302	
16.534480	-4.738657	
18.580537	-5.329009	
19.589516	-4.934748	
21.378510	-6.064500	
24.041734	-4.801154	
18.051556	-4.567115	
17.566222	-5.693962	
16.658923	-5.596378	
20.051534	-3.029128	
20.543496	-4.550022	
19.845333	-4.538263	
19.648340	-4.083664	
19.462490	-5.132884	
17.586803	-4.110246	
21.256873	-4.020192	
21.271432	-4.548313	
19.333030	-7.299213	
17.544079	-5.706041	
16.767024	-5.769692	
18.835886	-6.616807	
17.435252	-7.078029	
20.807618	-6.088354	
18.959767	-5.488158	
19.162118	-5.709605	
21.261649	-5.432365	
19.621389	-5.636798	
20.010383	-4.052348	
19.033831	-4.752440	
22.840935	-4.384501	
17.192940	-4.704160	
18.260037	-5.795490	
18.021300	-4.484394	
22.076124	-3.988342	
21.447170	-3.390138	
18.971403	-4.789807	
18.128427	-5.205269	
20.534151	-6.275628	
19.951165	-6.669271	
20.311362	-4.878575	
15.604355	-5.055752	
20.937717	-6.874225	
17.942767	-4.362493	
21.934873	-3.852291	
17.941655	-5.623239	
21.254475	-5.023309	
19.419484	-5.322377	
17.205794	-4.575249	
18.599029	-5.147611	
20.181246	-4.437658	
21.978710	-4.401735	
19.361115	-4.532767	
17.615401	-3.526241	
17.236500	-4.928137	
19.586160	-6.677195	
22.609381	-5.047816	
22.588207	-4.784495	
22.500388	-5.761890	
18.955810	-5.650627	
19.763306	-6.005249	
19.344004	-4.144673	
23.042080	-6.354711	
21.670546	-3.283823	
21.589761	-4.791418	
23.240827	-5.534899	
20.665431	-4.669354	
17.194786	-5.302815	
21.212544	-6.864758	
20.700420	-2.422691	
20.557407	-5.618890	
17.479108	-3.590752	
21.247259	-4.871169	
21.878916	-6.432557	
22.703899	-5.903952	
18.349576	-6.871769	
19.734028	-3.618320	
25.307765	-4.045793	
20.994058	-6.242456	
16.727800	-4.286270	
22.973437	-6.518443	
17.824876	-5.118355	
24.207279	-5.928203	
23.060513	-5.365655	
20.333957	-5.524808	
18.146090	-3.720578	
20.495133	-4.877151	
22.033517	-5.868905	
18.884059	-5.331469	
21.324889	-3.875280	
23.129348	-4.656255	
16.867801	-4.844030	
18.952981	-3.898408	
20.692888	-4.205554	
17.913081	-4.156587	
22.603109	-5.561614	
20.732958	-5.545869	
23.002637	-4.541179	
20.521541	-3.325002	
17.922379	-4.185926	
20.373617	-4.568615	
17.721808	-5.047899	
18.197523	-4.712481	
20.496995	-4.017533	
19.880839	-4.409352	
18.951024	-4.681355	
16.449519	-4.472924	
20.078609	-4.705485	
16.616569	-5.587820	
19.289477	-5.009347	
19.136802	-3.494289	
18.723051	-5.044519	
19.969553	-4.309388	
18.043285	-5.029998	
17.947257	-3.523992	
19.773411	-4.601636	
19.972471	-5.270814	
21.294326	-5.053143	
18.647601	-3.262779	
20.877397	-4.999764	
19.028803	-3.663165	
18.263998	-4.006087	
24.241748	-6.209726	
17.295752	-4.584714	
16.921342	-3.855542	
14.935074	-6.275039	
18.178308	-5.247231	
19.887099	-4.785779	
21.097232	-4.344938	
14.911949	-3.461455	
20.363185	-5.367465	
18.169717	-6.365603	
20.910403	-2.784262	
18.717960	-6.667701	
22.373255	-4.396379	
17.504094	-4.308536	
20.617486	-3.544399	
21.713366	-6.097382	
20.849890	-5.781503	
18.271821	-6.295189	
21.665149	-4.125237	
21.202789	-5.940791	
17.985284	-4.276826	
20.884180	-5.034122	
21.103166	-5.054217	
18.366873	-6.227868	
19.994716	-5.890321	
18.300549	-4.536936	
23.764790	-4.583993	
25.014444	-6.131184	
18.265528	-4.450759	
23.359023	-6.423636	
20.975539	-4.364151	
21.124929	-6.497360	
15.543945	-5.821028	
18.080345	-5.305293	
22.286532	-6.597610	
22.131010	-3.532955	
20.050804	-6.166573	
19.092800	-5.040684	
19.499762	-5.331909	
21.441492	-5.009415	
17.774940	-4.078322	
23.075211	-5.769845	
18.236933	-4.118638	
20.606765	-7.234801	
19.686380	-5.454476	
19.274430	-4.642705	
20.593599	-5.731557	
20.270527	-5.098344	
20.920188	-5.637277	
18.242330	-5.205893	
22.645114	-5.147483	
20.032692	-5.876521	
20.854366	-5.471809	
24.059215	-4.476589	
19.343805	-5.851531	
21.564004	-4.097751	
21.447541	-3.643686	
19.427570	-6.909153	
21.719478	-3.138693	
20.283371	-4.497469	
15.443325	-5.813336	
20.207422	-4.195921	
21.636335	-5.642125	
21.436793	-5.347228	
21.394145	-4.351557	
21.792370	-4.700819	
23.764765	-4.730748	
20.080568	-6.684428	
19.916222	-6.621345	
20.663846	-6.577721	
19.514148	-5.084246	
19.711439	-4.452115	
20.656830	-5.045894	
19.229813	-4.751959	
17.433373	-4.493364	
20.547260	-6.187915	
22.300480	-5.963594	
19.895072	-5.195453	
21.137927	-4.231233	
23.240571	-3.951843	
20.954767	-4.125375	
22.283195	-4.236989	
21.208865	-4.821150	
21.766402	-5.727475	
17.773947	-4.150337	
19.727299	-4.554549	
22.187171	-4.616431	
18.906988	-4.112070	
18.581850	-4.188879	
20.480808	-3.740291	
18.681632	-5.849596	
18.224571	-6.441625	
24.185785	-5.527326	
21.268787	-4.769319	
19.970169	-4.764135	
18.708717	-4.735432	
22.288139	-5.884206	
19.911148	-5.103340	
21.456386	-6.208044	
16.850581	-5.147430	
17.964354	-5.049747	
20.691164	-4.225900	
17.623968	-5.900931	
19.727023	-5.087156	
20.939075	-5.421346	
21.182638	-7.199453	
22.912668	-6.144324	
18.757238	-5.101844	
16.480920	-4.878994	
23.535482	-6.348518	
21.797837	-4.967273	
19.751245	-3.719457	
18.906165	-4.889479	
21.392020	-4.949191	
21.790797	-5.540104	
17.834801	-4.107790	
15.473528	-4.103373	
22.790070	-4.299368	
17.401103	-4.231425	
21.388316	-5.114301	
19.476315	-5.810566	
17.386266	-6.277806	
21.911600	-5.704412	
20.177220	-4.817081	
18.478349	-4.765972	
19.100180	-3.749502	
19.788544	-3.022644	
19.054474	-5.228133	
21.313676	-3.638993	
20.595288	-5.390276	
18.893242	-6.804425	
19.272062	-5.339839	
19.513905	-5.293260	
21.563446	-4.882877	
20.392122	-5.099293	
21.955148	-3.629888	
22.847146	-3.524772	
24.391845	-3.750222	
18.814947	-3.911630	
19.696683	-5.122024	
18.464550	-6.001111	
19.136469	-5.144057	
19.381841	-5.385814	
20.284253	-4.057169	
22.825072	-3.760249	
18.585644	-5.219491	
18.098265	-4.501510	
18.066560	-6.839067	
23.534254	-4.105528	
17.351165	-5.940471	
17.841447	-4.884865	
21.130409	-3.826624	
23.886827	-4.237880	
22.247313	-3.953911	
17.115393	-4.520776	
21.138713	-6.136492	
19.111113	-3.978411	
21.419996	-5.542939	
18.963936	-2.178073	
19.290003	-3.709482	
22.044031	-4.705041	
20.745341	-5.421317	
19.266448	-5.412890	
18.337685	-4.918711	
20.909110	-4.214297	
18.611607	-4.935912	
22.820056	-5.468382	
23.482094	-3.353331	
20.352248	-3.813062	
22.707377	-6.621683	
16.988438	-4.420443	
20.934221	-6.340468	
19.024142	-3.414035	
20.383463	-6.345016	
21.828020	-5.443770	
20.871437	-5.556287	
16.669561	-4.613438	
19.013484	-4.358435	
20.751841	-5.895666	
19.810722	-4.242447	
20.310745	-3.944234	
20.284149	-5.149743	
19.518660	-5.081026	
17.489911	-5.783280	
20.841450	-3.284291	
22.624129	-4.775937	
20.145413	-4.044779	
19.519503	-6.491887	
23.077559	-6.524932	
23.090026	-5.165253	
22.466374	-7.207448	
18.864996	-3.691718	
19.068306	-4.986742	
19.805741	-6.463726	
19.445394	-4.747265	
17.747904	-4.606094	
18.193953	-4.657740	
22.537424	-5.156832	
19.874028	-4.105556	
21.561386	-5.475330	
18.273645	-5.487490	
19.185912	-5.888700	
16.647654	-1.747273	
18.976505	-6.101941	
22.959714	-5.969588	
22.768764	-3.761579	
15.776034	-6.337727	
20.513129	-4.972096	
19.760698	-5.820716	
19.361514	-4.132984	
21.850513	-3.872002	
20.576244	-6.047572	
20.759401	-5.382213	
22.333598	-5.106186	
18.527385	-4.182723	
20.072762	-3.634393	
17.733263	-4.879505	
22.202162	-4.470203	
19.282950	-4.564305	
22.078091	-2.438594	
15.735236	-5.874499	
20.471324	-7.578955	
18.574751	-5.320088	
17.899517	-4.326863	
26.035648	-4.834201	
20.058919	-7.431615	
18.200483	-6.614692	
18.106096	-4.615040	
18.415928	-4.871445	
23.416224	-4.719470	
22.018872	-4.193091	
19.668663	-5.848019	
21.455800	-6.755452	
23.583657	-4.277798	
18.992864	-4.120393	
18.516489	-4.789980	
18.826285	-5.526113	
20.149641	-4.692489	
18.661081	-6.675225	
21.305456	-4.835154	
20.350339	-3.974947	
21.083002	-3.870194	
18.487356	-4.407992	
19.235733	-4.102289	
21.645036	-5.005731	
20.994251	-4.726375	
15.925839	-4.374446	
17.771676	-6.618122	
19.834405	-4.447158	
17.075409	-4.933881	
21.413015	-5.443634	
18.636892	-6.240838	
20.968289	-4.431860	
23.569514	-4.809633	
18.275888	-4.547192	
19.436069	-4.195963	
23.706629	-5.366758	
19.403570	-7.179057	
19.474891	-5.212530	
19.895147	-4.034864	
20.687281	-4.475964	
20.604078	-4.530366	
22.421945	-4.907284	
21.844734	-3.806669	
19.070633	-5.673239	
17.351935	-5.438803	
24.243790	-5.256318	
16.761973	-5.748393	
17.686043	-5.183571	
20.604721	-5.548648	
16.894323	-6.133801	
20.334282	-4.375362	
17.127943	-3.903024	
22.098996	-5.039073	
21.102524	-3.607196	
19.705776	-4.524016	
23.888506	-3.845311	
21.979657	-6.143010	
20.842158	-4.375239	
20.173160	-5.279065	
19.123747	-5.767000	
18.681514	-4.777665	
20.615728	-4.723881	
17.549119	-5.036323	
19.133992	-4.741282	
24.689694	-5.115804	
21.685190	-4.302175	
20.636100	-5.019253	
21.609080	-4.670490	
15.660480	-3.927079	
17.555695	-2.871826	
18.672491	-4.283647	
19.532229	-5.995743	
20.238588	-4.628223	
18.249399	-4.841883	
23.293064	-3.659813	
20.202667	-4.367735	
21.022285	-4.337839	
19.445529	-5.944568	
19.526614	-6.775314	
19.316982	-4.950168	
17.296375	-4.481178	
22.847879	-6.230416	
16.820137	-4.504579	
21.173583	-5.716862	
20.967711	-5.496293	
21.233637	-2.900154	
19.720710	-6.043606	
20.156213	-6.191835	
21.726953	-4.353229	
17.895655	-4.762295	
18.336335	-6.418568	
20.080389	-4.749575	
20.880278	-5.278326	
20.125009	-4.345548	
20.604411	-4.512178	
21.879576	-5.550640	
19.625020	-4.850519	
16.731163	-6.647769	
21.632449	-5.291118	
18.081846	-4.768077	
17.182378	-5.187942	
20.514510	-4.169133	
22.071100	-6.128738	
17.915558	-5.032321	
27.203500	-5.425678	
24.146158	-3.542182	
18.467145	-4.605673	
21.318280	-6.593709	
18.605241	-4.996345	
20.574527	-5.114399	
20.964780	-5.651351	
21.476127	-6.180754	
19.926323	-5.828926	
20.463235	-6.833882	
22.100818	-5.951503	
21.631049	-3.599206	
17.633466	-3.666185	
27.048922	-3.502487	
21.829194	-4.908581	
19.622711	-5.107873	
18.589965	-4.160352	
21.215224	-4.746345	
21.669888	-4.782531	
20.501234	-5.957730	
19.877578	-3.020560	
23.930840	-5.502103	
21.291091	-4.191844	
22.757230	-6.303054	
20.199682	-4.082694	
21.248250	-6.484888	
20.538500	-4.227111	
18.121067	-4.313742	
20.014291	-5.067025	
16.240952	-5.555829	
19.640682	-4.980447	
18.934950	-5.613432	
22.961450	-4.634476	
19.981469	-3.294365	
20.015067	-4.675194	
18.802402	-4.941347	
19.912638	-5.425616	
17.869722	-4.377280	
20.404366	-4.774473	
20.495965	-4.100015	
17.217340	-6.020521	
19.993445	-5.001781	
20.942918	-4.951044	
20.939433	-3.219692	
19.211564	-3.709331	
18.392897	-4.469115	
19.269055	-4.737427	
18.394938	-3.918424	
22.939038	-6.521172	
21.735276	-4.681043	
16.809665	-8.130967	
20.997243	-4.823438	
21.622312	-4.866243	
16.156820	-3.254731	
20.531801	-5.578991	
17.793480	-6.135872	
17.612379	-5.623698	
21.656666	-6.154691	
18.684837	-3.843952	
22.140946	-5.215741	
20.098067	-4.850078	
21.275465	-4.052684	
16.461126	-4.775497	
20.138496	-5.389210	
20.958161	-6.061759	
17.316754	-4.525410	
20.384660	-3.695915	
17.225602	-4.091858	
16.939905	-4.428249	
19.978938	-5.369577	
21.225240	-5.230154	
19.264837	-5.874042	
22.781719	-5.439197	
21.154829	-3.657816	
20.160121	-6.992214	
20.212249	-5.250463	
23.339695	-5.582590	
20.513913	-4.008767	
22.292624	-5.503657	
21.168085	-6.141697	
16.211307	-5.428773	
21.095191	-6.369691	
21.267890	-7.199183	
21.000757	-5.882153	
17.223207	-4.788563	
20.435961	-6.750709	
19.152917	-5.314637	
20.607890	-4.689797	
23.565358	-5.865514	
-3.372818	4.239150	
-3.629503	2.222592	
-4.585492	5.346174	
-1.963707	2.103228	
-2.672265	1.655347	
-2.944764	3.018079	
-2.577130	1.903747	
-2.118121	1.398863	
-1.751632	2.446857	
-2.799431	1.500045	
-2.399161	-1.548082	
-4.496498	2.056199	
-0.986411	4.592334	
-5.090010	2.193996	
-4.567096	0.610981	
-3.245603	-0.905882	
-3.033889	4.941595	
-3.711386	2.522515	
-2.747305	2.419569	
-3.825631	3.990609	
-3.146553	-1.614304	
-3.565004	1.275064	
-5.894421	0.012687	
-3.416936	1.534006	
-1.910518	5.227420	
-1.693708	0.023884	
-6.232359	4.056689	
-4.983374	2.800382	
-4.384910	2.035212	
-3.564800	3.885412	
-2.210824	5.692769	
-2.480959	3.665238	
-1.351702	1.137614	
-1.619365	6.188546	
-3.385707	-0.209407	
-1.737955	0.972735	
-3.918386	2.806369	
-2.792188	3.779887	
-2.519030	0.765925	
-3.081149	4.326425	
-3.230945	1.471216	
-1.970334	3.898100	
-2.790351	1.769578	
-4.480923	0.841904	
-3.824925	2.267962	
-1.320080	0.894743	
-2.166479	0.660967	
-3.459121	-0.747527	
-3.273232	5.119436	
-2.886826	4.343755	
-3.337496	5.649415	
-3.625095	1.763840	
-3.533845	1.965297	
-3.950732	1.256888	
-4.239391	0.699565	
-2.408977	1.473665	
-1.785641	2.453465	
-3.240204	3.318911	
-4.103851	1.580634	
-2.255401	2.084523	
-3.687402	0.497573	
-2.460018	4.086423	
-2.833065	-0.786283	
-2.575035	5.754155	
-2.310397	0.497927	
-2.894470	3.925737	
-3.194595	3.010150	
-1.862615	3.582652	
-4.647822	3.614753	
-3.514759	2.341285	
-3.586331	2.987039	
-2.884388	1.599565	
-1.268308	6.792043	
-2.960985	2.451356	
-3.903704	0.691971	
-2.919103	1.939710	
-2.320243	3.496954	
-3.695287	1.795314	
-2.463808	0.816149	
-4.244180	-0.199140	
-1.897011	-1.431175	
-3.902340	1.389302	
-1.904252	2.951918	
-3.379091	4.988045	
-3.048621	4.061709	
-1.690206	1.873832	
-2.690741	1.205823	
-3.587830	0.600493	
-1.707922	0.936277	
-3.792087	-3.009347	
-4.048484	2.449202	
-3.450010	3.251467	
-4.261414	4.534227	
-2.309382	4.924893	
-0.229856	1.015964	
-2.214590	1.309206	
-1.175526	2.370784	
-3.890067	0.570575	
-3.120530	1.226887	
-2.042985	1.028632	
-3.463415	2.897590	
-3.651704	-2.716693	
-3.728827	1.554647	
-2.212670	3.329132	
-2.859085	0.935832	
-3.223419	3.053202	
-2.281677	0.242044	
-3.333477	2.822226	
-3.296614	5.386394	
-2.340826	3.058778	
-3.258600	0.444513	
-2.529816	0.593426	
-1.678372	-1.117292	
-1.909961	2.031165	
-4.665518	-0.353378	
-2.367075	1.342168	
-3.772094	1.515330	
-2.863373	4.392438	
-2.310219	1.586303	
-2.332501	3.929768	
-2.756588	2.743116	
-4.932459	2.763422	
-1.720039	2.429197	
-2.503533	2.522835	
-2.533468	-1.483045	
-2.287347	-2.605597	
-1.368942	0.230557	
-2.843651	3.177412	
-4.035239	2.593670	
-2.474379	2.578188	
-6.354595	2.690289	
-3.590971	-1.355928	
-4.017723	3.359164	
-3.225218	1.804996	
-3.674341	2.215158	
-1.664576	-0.646744	
-2.353877	7.644421	
-3.534808	3.964743	
-3.060080	8.272279	
-4.055029	0.676878	
-2.397639	-0.493642	
-3.839475	5.159231	
-4.325838	4.661351	
-2.655856	-1.348220	
-2.455051	3.594271	
-2.206372	2.603655	
-2.813038	-2.730364	
-4.607818	-0.136786	
-2.266065	2.724712	
-4.303727	2.238080	
-2.393701	2.310550	
-5.128149	0.586696	
-5.034111	0.776597	
-1.219828	1.217019	
-2.985858	3.370811	
-2.511530	0.752073	
-2.721726	-1.993363	
-2.876131	1.235362	
-2.653714	-2.989378	
-2.215074	4.870021	
-3.714702	4.174574	
-5.019707	4.355043	
-3.341029	0.809345	
-2.227565	2.230077	
-4.134266	0.406371	
-2.784195	0.761282	
-2.320499	2.318757	
-2.512963	2.767797	
-3.424214	1.866237	
-3.642412	4.735253	
-2.915900	-0.937942	
-3.954834	4.112928	
-3.511460	1.374794	
-3.772643	1.630415	
-3.597237	2.026740	
-3.572744	1.976789	
-2.208511	1.042127	
-4.742253	0.498963	
-3.080952	1.111319	
-2.291655	3.723740	
-3.645142	-0.226030	
-3.405040	2.657458	
-2.757751	1.248111	
-2.884930	2.963924	
-1.648772	-0.723025	
-4.766130	1.491894	
-3.491122	6.142956	
-2.141348	4.131232	
-3.046180	1.332487	
-3.974312	3.890560	
-3.913768	-2.376258	
-2.974957	3.967804	
-2.956155	2.325810	
-3.385925	4.622265	
-2.524823	-0.099435	
-3.108833	3.061710	
-2.447027	6.449115	
-2.970549	3.784354	
-0.850132	-0.070950	
-3.931265	0.095858	
-2.274214	2.014593	
-1.307723	-0.442201	
-4.448793	4.525859	
-2.344064	3.614504	
-3.183919	3.424882	
-4.852347	0.344101	
-2.818348	5.244248	
-2.383235	1.753638	
-3.451516	0.391037	
-1.581973	1.484620	
-3.299212	1.314075	
-3.106370	1.367071	
-3.697868	3.014856	
-1.665867	3.162666	
-3.859160	6.685963	
-4.004374	3.583648	
-2.367002	4.929368	
-3.997584	0.083772	
-3.445984	4.088359	
-3.043360	1.024831	
-2.271599	5.440826	
-3.889614	3.012466	
-4.421562	1.649867	
-4.586196	3.623575	
-3.177402	2.273117	
-2.853350	6.137278	
-2.979234	0.869414	
-2.288881	2.932739	
-4.505898	0.735221	
-3.504583	-0.325489	
-3.973270	1.444700	
-1.316434	3.551751	
-2.299652	-2.388336	
-2.151535	1.391620	
-3.072072	8.265846	
-2.750241	3.201827	
-2.730965	1.204279	
-3.882372	1.385700	
-2.865160	1.726054	
-3.425556	0.759347	
-4.333360	1.306072	
-2.369517	2.337093	
-4.431603	3.237566	
-4.870499	-0.504547	
-3.997417	1.076782	
-5.216363	0.618633	
-3.256042	0.550603	
-3.477261	0.522262	
-2.646643	1.733569	
-1.401825	0.021088	
-2.866075	-2.301366	
-2.382285	6.589350	
-1.951449	1.267829	
-2.924266	3.322855	
-3.963213	0.588443	
-2.442745	1.978542	
-2.673404	2.349264	
-1.602827	2.332539	
-3.027154	4.009058	
-3.586648	1.942097	
-3.044319	1.639354	
-4.917484	2.997617	
-2.622098	2.431773	
-4.086917	1.744775	
-4.175213	0.203209	
-2.350592	3.767900	
-2.286297	1.948111	
-3.832825	4.802961	
-1.916713	1.370062	
-3.275625	-1.034115	
-1.397690	1.974274	
-3.049503	-0.198012	
-2.384644	3.534079	
-3.286528	2.042048	
-2.186355	0.866306	
-4.295945	-0.229306	
-5.450259	-0.004859	
-1.086513	-2.217564	
-2.201956	0.173498	
-3.739633	3.493319	
-2.356686	-1.996800	
-4.798429	2.570249	
-2.244425	2.865449	
-3.331913	1.936952	
-3.282110	2.448536	
-3.607397	-0.392457	
-2.857010	3.153827	
-5.867224	-0.458149	
-2.108920	-0.049312	
-1.260355	2.272388	
-3.065029	-0.870459	
-2.004528	4.231581	
-4.127293	0.229999	
-3.742192	-0.641538	
-3.284725	5.312675	
-3.215360	2.855718	
-1.442504	1.989986	
-1.835449	6.474874	
-5.489974	2.652544	
-1.381548	1.072127	
-2.574792	-0.046435	
-2.241665	3.838894	
-2.805267	1.262505	
-2.454735	5.821925	
-2.481771	2.308477	
-3.001797	2.818600	
-4.174777	2.540799	
-3.463289	0.847985	
-4.352585	3.405462	
-2.543732	2.166581	
-2.284009	2.668429	
-2.014288	2.280462	
-3.253209	4.451190	
-4.066518	-0.230124	
-3.237009	4.618256	
-4.702134	3.791507	
-2.644225	2.465917	
-3.630035	2.623624	
-2.878494	0.487998	
-1.617165	1.955385	
-4.579428	0.050274	
-4.545668	2.501011	
-2.360603	2.998628	
-1.580867	-0.539490	
-1.421568	0.944124	
-4.201132	-0.896157	
-2.925826	1.143548	
-4.629791	1.177063	
-2.649117	2.369650	
-2.457314	1.792879	
-3.535634	2.233530	
-3.231307	0.488709	
-1.358999	-2.563469	
-2.532874	1.985556	
-2.887633	1.654620	
-2.141001	1.266438	
-4.072417	0.745107	
-1.030685	4.661059	
-3.148344	2.676607	
-2.695296	1.121677	
-0.720263	2.550798	
-2.517669	1.346728	
-2.544325	1.361919	
-2.922375	5.628807	
-5.604316	0.165095	
-3.150115	2.994080	
-1.391385	2.541292	
-2.244893	2.272395	
-4.133322	-0.821096	
-1.153988	4.908078	
-3.041903	2.816000	
-3.410144	0.608436	
-3.733817	3.600990	
-2.313884	1.483255	
-4.686514	2.648829	
-3.234353	3.553138	
-4.488347	3.881707	
-4.710220	2.638461	
-2.956054	3.060482	
-2.339549	6.862165	
-2.612552	3.189505	
-3.441007	4.240110	
-2.733426	0.618576	
-5.428354	-1.534270	
-3.170319	0.681897	
-3.126315	1.677481	
-2.600406	0.868230	
-4.339638	1.753000	
-4.338375	1.599539	
-3.860849	0.022266	
-1.431285	3.536380	
-3.237468	1.686851	
-2.400479	3.656085	
-3.735966	2.220791	
-3.114140	1.310551	
-2.820263	1.706239	
-2.968430	4.411420	
-2.669003	4.201382	
-4.901771	1.116050	
-3.774873	-0.455638	
-3.280665	2.217906	
-3.646341	4.964532	
-3.299127	4.325593	
-4.899596	-2.182647	
-4.545340	-1.626936	
-3.389725	0.346565	
-2.124683	3.139313	
-2.366703	0.781973	
-2.644648	4.349871	
-3.679119	3.063731	
-2.138154	1.325303	
-3.060065	3.412999	
-2.436255	5.247660	
-3.178819	2.850830	
-2.882776	3.846928	
-3.001713	-0.119465	
-2.672188	5.198946	
-3.722156	-1.662974	
-5.225290	5.498350	
-3.371643	3.862246	
-3.051748	3.278571	
-3.878382	3.150939	
-3.225623	1.644049	
-4.388837	2.700474	
-3.202526	1.612587	
-3.115107	2.645688	
-2.181109	0.007265	
-2.391010	2.884422	
-2.564784	2.196424	
-3.413422	1.995454	
-2.832781	5.618851	
-2.370522	1.708053	
-2.690265	-0.514449	
-2.623529	2.256545	
-3.261946	1.738649	
-1.417407	1.241516	
-2.205690	2.633686	
-1.951379	5.760486	
-2.702120	1.672223	
-3.387467	4.601604	
-2.687368	0.982196	
-2.534582	1.886269	
-2.896808	1.408671	
-2.463203	2.121116	
-1.739766	-1.256457	
-3.022897	4.304721	
-4.193455	0.762213	
-2.511185	1.621060	
-2.462626	-0.046022	
-2.919956	3.667641	
-6.055576	1.985901	
-4.507328	2.429028	
-3.298467	1.062039	
-1.575006	1.740094	
-3.064337	1.274547	
-3.350147	-0.324253	
-3.886082	-3.203550	
-3.033909	3.929414	
-2.322358	0.549189	
-2.400132	3.539197	
-4.481772	3.559856	
-2.252984	2.386361	
-2.365885	1.576164	
-3.240576	5.003209	
-2.854971	4.130783	
-4.000397	1.274911	
-3.116798	0.412004	
-2.696122	2.602030	
-2.656702	1.220676	
-4.276661	4.405240	
-2.750108	0.757541	
-3.045228	4.061892	
-3.706045	1.003909	
-2.676409	0.833313	
-2.694890	-1.371985	
-3.535233	0.626013	
-2.712673	2.400904	
-2.095634	4.222308	
-3.796723	1.800528	
-3.305212	-0.578566	
-3.923076	0.352610	
-2.121319	0.349803	
-5.169405	0.366682	
-3.891143	1.766847	
-1.922442	1.832860	
-2.766345	4.172966	
-4.175940	2.963347	
-3.804865	4.370566	
-3.262335	-0.395692	
-3.432827	5.828677	
-2.354564	2.201758	
-2.517400	3.075911	
-4.405123	2.653986	
-4.204067	-3.541011	
-3.413082	0.778482	
-1.800192	2.134234	
-3.703526	1.392111	
-2.336492	4.788111	
-4.375507	1.126026	
-4.006541	3.941678	
-2.970068	3.121000	
-2.918969	4.088703	
-1.190183	3.620409	
-3.343529	1.139845	
-2.931494	0.547600	
-4.732977	-1.445098	
-3.713422	4.042987	
-2.569085	2.219203	
-1.852006	-0.943384	
-3.858265	-1.541478	
-1.938626	0.192933	
-1.447052	1.316583	
-2.636086	-0.947785	
-3.484460	2.647100	
-1.588047	1.684167	
-2.916698	0.782057	
-3.583731	3.151237	
-1.839928	-2.079916	
-1.382413	1.555784	
-1.790514	-1.820516	
-3.529321	6.513008	
-4.056793	-2.122484	
-2.896528	3.239277	
-2.983087	3.574070	
-2.617185	0.717099	
-2.948694	3.633201	
-1.961644	2.531194	
-2.512074	1.178105	
-2.468360	-0.467533	
-1.354421	0.666243	
-3.476673	3.311216	
-1.875610	0.553058	
-3.060079	2.211840	
-4.396862	-1.394649	
-3.494375	2.387396	
-2.236650	1.719670	
-1.854911	0.247189	
-4.625996	0.536900	
-3.476435	1.436995	
-2.104247	4.783842	
-3.393417	4.962075	
-3.758043	-1.788556	
-2.307189	3.658731	
-2.815912	0.554548	
-2.857497	0.432548	
-4.211099	2.010516	
-3.483077	1.109321	
-2.768722	0.703823	
-3.842116	-0.737315	
-2.555990	1.738315	
-4.299793	6.202617	
-1.655967	0.648817	
-3.320702	1.813822	
-2.932043	1.781973	
-2.959458	2.890577	
-2.118171	5.508718	
-3.157721	4.881841	
-2.484819	4.619367	
-4.191597	3.476497	
-3.107723	1.583962	
-2.372272	5.430968	
-4.135264	-1.463666	
-2.467583	3.142128	
-3.799225	3.104072	
-3.481438	1.238918	
-3.006578	-1.214596	
-1.832235	0.471877	
-2.250810	3.400997	
-4.396450	5.595863	
-2.642218	5.279998	
-3.928724	1.516141	
-4.218434	0.325854	
-2.293400	-1.642151	
-1.753083	6.189200	
-3.604146	1.996237	
-4.717388	3.370064	
-3.345527	3.547899	
-3.561849	0.208159	
-3.873083	-0.051622	
-2.521413	4.461658	
-4.270650	3.447140	
-5.414344	0.380749	
-1.355351	2.965065	
-2.420905	-2.040672	
-4.609267	5.758576	
-3.152131	0.735975	
-4.202360	0.466687	
-4.837536	1.783746	
-2.609317	1.988847	
-3.701682	1.107163	
-4.700505	-1.840732	
-2.065628	-1.254403	
-3.032596	0.491795	
-0.914617	4.244989	
-3.617236	-0.093560	
-4.877999	1.039088	
-2.355340	2.484898	
-3.971401	3.143226	
-3.589917	4.532598	
-3.478734	0.061059	
-2.924987	3.066566	
-4.294672	2.066818	
-3.179267	2.962114	
-3.367143	4.616150	
-3.427457	2.900939	
-3.197431	-1.193699	
-2.029036	2.676961	
-3.577401	4.650619	
-2.218130	2.742076	
-3.345347	-0.260147	
-5.113989	6.415652	
-2.547181	2.355609	
-2.513356	-0.189865	
-2.283437	6.957158	
-0.162913	4.458928	
-3.162316	0.318486	
-3.829420	3.028183	
-1.835879	3.997137	
-2.601276	2.512823	
-0.901523	1.603823	
-3.153523	-2.294255	
-2.291651	1.554801	
-2.475011	4.399568	
-2.188857	3.241121	
-2.839781	4.095419	
-2.901583	1.769491	
-0.485369	-0.582907	
-1.883688	4.574758	
-4.743172	3.524116	
-3.229366	3.356588	
-2.043802	-0.294124	
-1.488653	4.334358	
-1.484823	0.455943	
-1.973663	0.082745	
-3.036335	4.968468	
-2.854607	1.572577	
-2.995353	2.157055	
-2.806889	2.663449	
-2.720051	2.260178	
-3.107132	3.209412	
-2.157974	-0.237916	
-5.019998	-0.291916	
-1.027528	-0.727484	
-3.764798	0.046609	
-3.023537	2.236174	
-3.109776	0.514036	
-4.370073	3.033803	
-3.667101	1.867779	
-2.453800	3.615353	
-3.348895	3.843005	
-3.740483	4.939112	
-2.352665	0.946162	
-2.676719	0.024754	
-2.460344	2.018749	
-2.612341	4.216251	
-1.647598	1.786985	
-2.889527	2.600273	
-0.985872	6.096896	
-3.103090	5.127847	
-3.415639	0.702571	
-2.254961	1.567005	
-2.856063	2.011620	
-4.106880	6.387789	
-3.450394	6.009636	
-2.737086	2.449473	
-3.044419	2.192474	
-3.062527	1.057146	
-2.866721	4.745194	
-2.200383	0.195336	
-1.979088	-1.296028	
-3.314537	-0.045783	
-4.117633	1.878569	
-4.449351	2.800398	
-1.861760	1.983970	
-2.806698	-0.122554	
-1.848618	1.393822	
-1.503611	1.531096	
-3.101259	3.755831	
-1.992691	2.509188	
-1.766341	-1.459157	
-3.289831	0.639626	
-3.463342	0.357030	
-2.740997	-0.162141	
-2.015644	0.576430	
-3.143834	5.537495	
-4.489911	2.730256	
-1.037610	2.106157	
-3.780933	0.778399	
-3.303643	2.938533	
-5.092259	1.294748	
-2.700865	4.648329	
-0.762968	-0.618801	
-2.916927	0.624414	
-3.149950	0.628353	
-3.107456	3.354793	
-5.361685	-1.225951	
-1.788908	2.695771	
-1.840476	1.746476	
-5.588026	3.807560	
-4.636945	-0.649685	
-4.271931	5.078781	
-2.592481	1.878142	
-5.464574	3.875426	
-1.823036	-0.291646	
-0.991259	2.277526	
-2.178118	3.158713	
-3.054431	3.443588	
-2.991592	-1.575560	
-1.194142	0.077847	
-2.903038	0.998692	
-3.263464	0.386945	
-3.209735	-0.992652	
-1.728067	2.773378	
-3.446029	-1.045492	
-3.676100	-1.666187	
-4.510502	2.219516	
-3.087930	2.929493	
-2.316365	3.375447	
-2.116793	-1.647089	
-2.825568	1.617531	
-3.461327	2.672429	
-2.965007	5.130034	
-4.523951	-0.028655	
-2.845845	2.216260	
-1.608572	0.453029	
-2.491422	0.971984	
-3.846829	-0.251513	
-1.781947	-0.381678	
-3.424654	1.472296	
-4.113870	2.604024	
-4.488314	-2.181737	
-4.086084	-1.388999	
-2.728131	3.498201	
-4.223038	1.099210	
-3.175825	2.804133	
-3.231656	3.555372	
-2.592459	-0.859023	
-2.039659	1.083721	
-3.080396	-2.116984	
-2.149396	2.347483	
-3.803283	-0.252140	
-1.828486	0.300590	
-0.813490	4.343489	
-2.584789	2.541633	
-4.014332	3.432370	
-2.527710	5.833396	
-3.198673	7.106869	
-3.075785	-0.101356	
-2.310187	2.675634	
-2.924665	0.996645	
-1.450872	2.959201	
-3.549059	4.129758	
-2.506165	1.194792	
-2.310648	2.704716	
-2.588674	-1.927980	
-2.786838	-0.059463	
-2.749377	1.774158	
-2.966181	3.658358	
-2.377102	3.404457	
-2.675026	4.947742	
-3.203207	0.788238	
-3.279720	4.192511	
-3.620404	3.309387	
-4.180423	3.226406	
-2.861161	2.158038	
-3.498950	5.859713	
-3.757455	0.402957	
-5.928331	3.131724	
-2.682718	3.081643	
-1.724386	1.427657	
-2.542764	1.949321	
-2.648411	3.189337	
-4.659698	0.263267	
-2.939066	3.013868	
-3.769351	4.674826	
-2.957501	2.409061	
-2.472008	2.477002	
-3.635370	2.599040	
-2.823350	0.494897	
-1.222415	1.757113	
-2.573682	0.553933	
-3.440557	4.139688	
-2.459474	0.738016	
-4.664764	0.021180	
-2.336577	0.611918	
-4.196742	2.260849	
-3.729874	3.253831	
-2.696289	-0.820919	
-4.933653	1.426963	
-4.627994	0.035813	
-3.966664	2.321827	
-4.990599	1.466716	
-2.500290	-1.329617	
-2.079378	0.373256	
-2.273374	0.587871	
-3.801454	0.970719	
-3.421317	0.311031	
-3.405000	-1.394107	
-3.284209	4.445648	
-3.384804	4.130560	
-2.938107	7.270988	
-2.343550	1.528739	
-0.832376	4.051410	
-4.521896	3.523166	
-3.531129	0.220772	
-2.552510	-2.313708	
-1.356954	-0.127727	
-3.753095	3.945843	
-2.839521	4.285796	
-1.745391	5.936353	
-1.841376	5.856740	
-2.101802	6.331428	
-3.286303	0.258740	
-2.264880	-0.475548	
-2.004950	0.925632	
-1.363647	0.633564	
-0.999780	1.389077	
-1.803343	2.851648	
-1.348041	-0.162314	
-2.370332	2.900834	
-4.103839	2.055728	
-1.874943	0.420332	
-3.155089	3.233806	
-5.326657	2.226288	
-4.915853	7.786700	
-5.257922	0.647930	
-4.763070	2.274028	
-3.356642	-1.745095	
-3.566278	4.358501	
-3.468199	-0.232636	
-3.293979	2.288147	
-3.594897	1.695040	
-4.453062	2.988173	
-2.579381	2.642227	
-3.774819	-0.092066	
-4.047558	0.786759	
-2.906441	1.340990	
-3.110871	0.041769	
-0.981837	-2.102338	
-2.561598	3.650691	
-2.739044	4.192511	
-2.393024	4.064432	
-2.388988	2.115776	
-2.848012	2.305861	
-2.098914	4.448331	
-3.502026	4.908243	
-2.438444	0.160791	
-0.614959	4.781485	
-2.131968	3.487057	
-2.865612	-0.135471	
-2.784548	3.528400	
-4.568311	-0.163242	
-3.287137	2.962599	
-4.448528	1.313009	
-4.208265	0.850572	
-2.754093	0.755301	
-1.623466	3.290565	
-3.105396	0.071834	
-4.122210	-1.353985	
-3.353108	1.964085	
-2.027965	2.165754	
-2.361943	2.296433	
-2.626663	3.872166	
-1.104049	1.424094	
-4.240913	2.802946	
-2.223023	2.280714	
-1.106647	2.155089	
-2.537010	4.283494	
-3.103582	4.937321	
-4.857915	2.843630	
-6.060983	2.086297	
-2.284011	5.151820	
-3.535088	3.256217	
-4.494380	1.104860	
-2.653857	5.074868	
-2.054477	2.561764	
-2.092211	1.952081	
-3.393177	3.354874	
-4.388939	-1.057279	
-1.912333	1.981725	
-3.045493	3.604727	
-3.517275	0.741701	
-3.741253	-2.070305	
-4.002727	-0.987840	
-3.527424	-2.006590	
-3.984027	4.455599	
-3.463272	0.107160	
-2.882080	4.537715	
-1.488730	4.350832	
-4.248149	-3.937194	
-1.708356	4.509677	
-2.525116	4.681003	
-3.829275	0.490269	
-2.379720	1.411092	
-0.645876	1.756726	
-1.458583	2.078626	
-4.128997	1.739815	
-4.422149	2.412022	
-4.114728	1.713174	
-3.246289	3.054152	
-1.501315	-0.937170	
-2.853001	6.295021	
-4.128536	2.062859	
-2.442143	0.083897	
-3.145194	2.218613	
-4.673575	0.886198	
-2.759796	0.603553	
-4.272749	0.512628	
-2.113287	3.649092	
-2.813985	4.481835	
-2.330023	0.108571	
-5.036630	-2.157339	
-3.202733	0.005676	
-2.500908	3.947300	
-2.652124	0.157161	
-2.735243	2.875656	
-4.380023	2.260299	
-3.578097	-3.841147	
-2.277954	-1.788162	
-2.006457	-0.059607	
-3.407080	-0.239088	
-3.977757	2.445876	
-3.527614	4.780629	
-3.856041	1.118676	
-4.082510	6.357674	
-3.148977	4.134329	
-4.258221	1.351643	
-3.853988	6.036375	
-3.106138	4.728664	
-4.965126	3.362381	
-2.745649	3.169645	
-1.106447	6.101039	
-3.013132	-0.873050	
-3.077329	-0.200334	
-4.410315	0.298855	
-5.188686	-0.082447	
-3.799338	3.783190	
-2.458720	2.887575	
-4.015716	1.846005	
-1.661994	2.727946	
-2.967994	0.474905	
-4.626585	3.052632	
-5.385308	0.157475	
-3.052448	-1.137226	
-0.418062	1.621397	
-1.979176	2.723631	
-4.203310	3.897270	
-3.611492	6.914197	
-3.052568	1.899130	
-3.819578	2.228673	
-3.253368	3.699189	
-3.536270	3.505280	
-2.854666	4.163907	
-4.276022	0.597960	
-2.944457	4.172277	
-3.136645	1.615228	
-3.239475	2.130203	
-4.620164	4.879212	
-3.628915	3.367565	
-3.002124	-0.977092	
-1.645135	1.495691	
-3.925756	4.844140	
-3.793298	0.389430	
-2.188080	4.498872	
-3.408224	0.785266	
-2.922949	-0.715350	
-3.202448	-0.036166	
-3.459498	2.257530	
-2.403502	3.553853	
-1.553511	0.168939	
-4.258312	0.851681	
-1.486989	-0.156185	
-2.817581	2.898057	
-0.784896	4.003514	
-2.210494	1.416114	
-3.795375	3.280150	
-2.227593	-0.783785	
-3.179500	0.832452	
-3.169690	3.591703	
-3.762131	2.394355	
-3.382191	0.529006	
-0.925022	-0.743000	
-3.581078	2.169942	
-1.740377	4.756215	
-4.816179	3.251298	
-2.953447	1.509077	
-3.250184	-1.049216	
-2.513194	2.026625	
-2.570902	0.050397	
-2.499260	0.382625	
-1.552853	0.648189	
-1.554885	1.862175	
-2.748578	4.469625	
-3.506219	0.955367	
-4.547687	5.413724	
-2.338477	5.384624	
-2.548582	1.551517	
-3.064759	2.581880	
-3.601298	1.405049	
-3.832190	-0.867507	
-1.870746	0.774381	
-2.697323	0.021634	
-3.369602	4.711849	
-0.897638	1.755300	
-3.720002	3.576941	
-1.075016	-0.755821	
-3.739520	1.505108	
-3.066825	2.799646	
-3.139448	3.730448	
-4.512579	2.685789	
-2.560922	2.748717	
-1.884263	4.254007	
-2.117686	2.630124	
-2.016280	5.634712	
-2.094563	3.687360	
-1.606008	0.880754	
-1.905927	0.549188	
-2.472959	-0.319095	
-2.795020	0.770624	
-1.374084	3.779791	
