8.235541	3.864304	
7.526668	3.831366	
8.647251	4.627791	
7.585055	4.081619	
8.609458	4.120409	
7.730140	3.928300	
9.051419	4.011651	
7.800807	2.931730	
7.700948	3.792284	
8.262052	3.892853	
7.862764	3.699630	
7.904475	4.603370	
8.041268	3.918925	
6.972718	4.621306	
7.361101	4.936382	
8.643453	5.589313	
8.525463	3.954939	
7.107646	3.533156	
7.233995	3.858469	
7.668512	5.017811	
7.760930	4.972408	
7.578474	5.229949	
8.630077	3.966317	
9.289269	3.973542	
7.497083	5.300628	
8.446360	4.566112	
7.687119	4.631543	
7.345297	4.749477	
8.347820	4.326657	
8.079655	4.608212	
8.140327	5.518130	
8.469513	4.793444	
7.200206	4.802825	
7.878418	5.637263	
7.625283	5.201248	
7.643923	5.223584	
6.850235	4.920292	
8.541172	5.668248	
8.077457	4.812195	
7.152933	4.561813	
6.664397	4.734825	
8.124408	5.490133	
7.894108	4.142294	
8.421484	5.597848	
7.920080	5.924872	
7.487892	5.036134	
7.955780	5.317223	
8.267405	5.552856	
7.722259	5.160393	
7.693880	6.138825	
6.158721	4.539952	
8.363250	6.179987	
7.864289	5.841489	
7.287548	4.914054	
7.297611	5.479637	
8.329820	5.520065	
7.303088	6.429731	
8.431081	6.174154	
7.508587	6.203366	
6.989582	7.056606	
7.903982	5.526167	
7.444387	6.270313	
7.661383	5.229665	
7.772733	5.243941	
7.846059	5.983264	
7.457677	5.839214	
8.619265	6.372092	
6.427230	5.376102	
8.465029	5.293142	
7.298854	7.704285	
7.541153	7.089976	
8.346729	5.180938	
7.648513	6.758756	
7.794707	6.746670	
8.240265	7.324950	
7.740638	7.473545	
6.929437	6.112428	
7.467564	6.249144	
7.931100	7.275579	
7.683815	6.993628	
6.624246	7.245039	
8.068074	5.741888	
8.170195	6.189915	
7.187935	5.644611	
6.047885	8.036132	
7.276533	6.435435	
7.715855	6.648807	
6.635135	7.235480	
7.440840	5.313292	
8.107828	7.187909	
7.059427	6.159290	
7.937858	6.865943	
6.774563	7.577797	
7.444125	5.869524	
6.949365	6.284966	
7.495720	6.968274	
6.313848	5.728224	
6.462475	6.532973	
6.785519	6.763287	
6.873778	7.155298	
5.911186	6.919392	
6.193069	6.487719	
7.455732	8.046244	
6.672442	7.430435	
8.194870	7.776718	
7.267032	6.232735	
7.041197	7.170398	
6.186970	7.017872	
6.370743	7.590379	
6.699928	6.712194	
6.430140	6.869901	
6.408026	8.330645	
7.164397	6.327462	
6.843198	7.135711	
7.076992	8.422313	
5.190378	7.412620	
8.316820	7.232879	
7.128979	7.364864	
6.253702	7.801960	
6.748760	7.506078	
7.640912	7.412111	
6.672530	6.783070	
6.339694	7.449599	
6.553659	8.189119	
5.700041	8.059978	
6.039364	7.928516	
6.707439	6.998534	
6.144831	7.115474	
5.696979	8.057416	
7.516897	8.261694	
5.848392	7.401821	
5.470927	8.171757	
6.791688	7.551371	
6.245953	7.045983	
7.464461	8.369718	
6.380152	7.544447	
6.696895	7.554416	
6.503105	7.488429	
5.588017	7.686997	
6.547568	7.062525	
7.091692	8.896210	
6.047557	7.215164	
5.443407	7.381085	
5.903474	8.525772	
6.965194	7.637658	
6.402222	7.597635	
7.141289	8.125505	
5.712256	7.673658	
6.486774	7.346776	
6.072398	7.409670	
6.392850	7.921218	
5.678026	8.065313	
6.127961	8.811784	
5.419444	8.410592	
5.820658	8.624695	
5.908928	7.513108	
6.541863	8.444260	
4.666051	8.834540	
5.855860	7.138112	
4.722072	7.571702	
5.054559	8.616974	
6.683485	7.055118	
4.705577	8.613130	
6.213151	7.564551	
6.251843	7.836861	
3.913508	7.887467	
5.743059	8.254005	
5.515470	7.845839	
4.002327	9.110152	
5.246449	8.351671	
6.172825	8.799831	
4.992912	8.834873	
6.129040	7.432679	
6.210026	8.010109	
4.374802	8.889433	
5.791469	8.586965	
4.552523	8.564391	
5.669841	8.011367	
5.118265	8.740104	
4.763334	8.205074	
5.045802	8.275828	
5.043572	8.931350	
5.783711	9.174246	
5.104648	8.564533	
6.407376	8.166145	
5.132433	9.366476	
5.151135	8.588587	
5.857509	9.517430	
4.958941	8.490392	
4.655452	8.903103	
5.272766	8.310285	
5.143997	9.067326	
5.170913	9.411796	
4.471756	8.009856	
4.417008	8.107115	
4.814925	8.069590	
5.150341	9.430689	
5.005902	8.758388	
4.612182	9.567290	
5.711070	8.308499	
5.336786	8.879422	
4.407221	9.059353	
4.231259	8.942899	
4.957936	7.875760	
3.435747	9.008696	
4.398536	8.317290	
4.239969	8.243774	
4.734262	9.287457	
3.578930	9.254094	
3.950284	8.688859	
4.597940	8.907272	
5.742087	8.278322	
3.954337	9.471551	
3.929017	9.177948	
4.808262	8.882747	
4.304347	8.967080	
4.362588	9.745774	
4.275814	8.160131	
3.901257	7.644256	
3.191200	8.903389	
4.137288	7.558420	
2.760752	8.892106	
4.955380	8.369165	
3.802408	9.749660	
4.581002	8.647313	
4.220773	8.299159	
2.754107	9.410454	
5.017855	9.493850	
4.007723	8.742956	
3.923696	9.638985	
4.574180	9.326486	
3.460258	8.676743	
3.414547	9.536789	
3.417983	9.289326	
3.795036	8.604749	
2.988691	7.930209	
3.070950	8.546641	
3.697869	7.829758	
3.084473	9.231915	
2.597889	9.082916	
3.529299	9.612624	
3.200064	8.792226	
3.918197	9.321892	
2.698991	8.515250	
4.203329	8.741061	
4.328610	9.269744	
2.520291	8.940366	
2.431990	9.475145	
2.569615	8.465507	
1.825942	9.069710	
3.083584	8.711860	
2.757448	10.231476	
3.957376	9.780984	
3.035044	7.727027	
2.785222	8.374194	
1.730639	8.760286	
3.208868	9.740787	
4.046286	8.430487	
2.001329	8.852529	
2.093367	9.109755	
2.263942	8.809000	
2.665021	9.254712	
2.691173	9.297424	
2.282950	10.201795	
1.890395	8.723483	
2.078474	7.878962	
3.014689	8.795385	
2.221520	8.572246	
2.433478	8.498921	
2.159520	8.205269	
2.165701	9.445658	
1.637923	9.166507	
1.607788	8.586046	
3.350113	8.905776	
1.896315	7.907641	
3.907550	8.633805	
3.258153	8.496867	
1.423220	8.905654	
2.121360	10.173896	
2.474791	8.516188	
2.139560	9.201093	
1.500895	9.648864	
2.507232	9.057924	
2.682507	9.171789	
2.161766	9.069916	
2.281992	8.320953	
0.616299	8.834349	
1.057743	8.458784	
1.337046	8.328272	
1.412515	7.707134	
1.725938	8.441830	
2.009280	8.904428	
2.983220	9.241690	
1.570857	9.387289	
2.423430	9.046987	
1.735033	9.041957	
1.910003	7.337207	
1.351484	8.396211	
1.823687	7.552628	
2.309010	9.341171	
1.997461	8.296521	
1.287773	7.888571	
0.895441	9.174941	
2.120828	8.872903	
1.225402	9.707676	
1.569346	8.516800	
0.216833	7.666618	
0.614318	8.457549	
0.635316	7.641472	
1.843535	9.116687	
1.251766	9.085773	
1.174893	9.151081	
1.103857	8.133502	
1.396115	8.196590	
0.512099	8.862165	
2.116792	9.473168	
1.767831	9.295534	
0.682390	8.653385	
1.665971	8.226843	
0.830400	9.172795	
0.821109	9.317554	
1.310305	8.434021	
0.147000	8.786542	
0.580003	9.089197	
2.968713	9.145360	
1.599166	7.791286	
0.303194	8.312778	
-0.032287	8.559738	
1.581756	9.358764	
1.091325	7.564006	
0.884840	7.958704	
0.431282	8.421987	
0.715608	7.902677	
1.570925	8.598235	
0.649901	8.153203	
0.178235	8.619558	
1.234291	8.186237	
0.371785	9.171932	
0.349718	8.263181	
-0.390226	8.676796	
0.772315	9.081259	
0.653944	8.054228	
0.625016	8.088560	
-0.655130	8.405814	
1.312736	7.651353	
0.843223	7.980383	
0.683068	8.673051	
0.138352	8.563610	
-0.396556	9.658267	
0.488482	8.014932	
0.426199	7.069836	
-0.356969	8.388436	
0.449032	8.617007	
-0.375665	7.592516	
-0.096790	8.455251	
-0.378022	8.700593	
-0.626797	8.482116	
-0.444945	7.640836	
-0.467869	8.498254	
0.609862	8.310985	
0.274028	8.832408	
0.347399	6.760561	
-0.090686	8.477581	
-0.785131	7.747007	
-1.367322	7.783191	
0.377152	8.313579	
-0.315543	7.693395	
-0.314052	7.835989	
0.225331	6.696738	
-1.018413	7.982400	
0.053958	7.476389	
-0.623885	7.253140	
-0.527742	8.811421	
-0.190193	6.970579	
-1.931607	7.789986	
-0.659674	7.405671	
-0.555627	8.420084	
-1.017264	8.332659	
-0.649915	7.715364	
0.127067	6.710702	
0.532978	7.662770	
-1.093954	7.182899	
-0.987573	7.965431	
-0.334056	7.314603	
0.008460	8.248290	
-0.615558	7.672719	
0.265516	8.370674	
1.062398	7.583553	
-1.628008	6.811603	
-0.835994	7.970595	
-1.469300	5.701918	
-1.574643	8.402980	
-0.578151	6.996058	
-0.656426	7.132338	
0.075369	8.353797	
-0.754332	7.432438	
-1.767919	6.236067	
-1.665234	7.305608	
-1.521924	7.570015	
-0.881892	6.892542	
-0.766584	6.507735	
0.122533	7.779312	
-2.049918	6.065129	
-1.110128	7.688502	
-0.014546	4.903136	
-0.992630	6.315638	
-1.490889	6.508851	
-0.934279	6.371044	
0.008811	7.222951	
-2.077532	7.284473	
-1.017981	6.580860	
-2.693272	7.373993	
-2.876669	6.754036	
-1.672173	7.173397	
-1.110522	5.998568	
-0.133901	6.657142	
-1.127155	6.459593	
-1.797308	6.012800	
-0.201729	6.951147	
-1.883485	7.160942	
-1.418617	6.393484	
-1.886822	6.188333	
-0.617054	7.401128	
-1.606189	5.872946	
-1.416926	5.190170	
0.075541	6.198527	
-1.853551	5.998287	
-1.293185	6.890243	
-2.102875	5.864541	
-2.170492	6.739625	
-0.926856	6.938512	
-1.551917	6.209780	
-2.390091	6.039064	
-1.001606	5.043751	
-0.958620	5.695451	
-1.351165	6.670053	
-0.585800	5.552099	
-1.562308	5.722918	
-0.845943	5.450671	
-2.175464	5.334459	
-1.633022	4.727248	
-2.012877	5.216713	
-2.538186	5.676440	
-1.771539	5.453899	
-0.354665	5.897436	
-0.748630	5.897887	
-0.073188	5.638999	
-1.398447	5.432126	
-2.106162	6.254562	
-1.367837	5.177497	
-1.146077	4.535458	
-1.987423	4.624813	
-1.757529	5.665226	
-1.796527	5.829659	
-1.148061	4.706089	
-1.495381	5.060950	
-2.371416	6.582292	
-1.655207	5.538362	
-1.713381	5.571197	
-2.131904	5.807969	
-2.707833	4.902908	
-1.013434	4.455673	
-0.946678	4.767048	
-1.752325	6.056501	
-1.685266	4.921214	
-1.773424	5.628670	
-2.175607	5.184574	
-1.859521	5.368079	
-2.241887	5.288451	
-1.888267	3.338337	
-2.881832	4.168011	
-1.330011	5.604792	
-2.338990	4.360722	
-1.227085	4.729573	
-1.587671	4.641251	
-2.652332	5.150445	
-1.670100	4.828093	
-1.752976	5.471861	
-2.658543	4.405548	
-1.569545	4.423895	
-1.888642	3.616974	
-2.824370	4.920498	
-1.658109	4.545447	
-2.953058	4.843120	
-1.275095	4.887528	
-1.524684	4.580055	
-1.081290	3.591447	
-2.497582	5.096934	
-2.395759	5.186600	
-2.689582	5.127270	
-1.613555	4.414606	
-1.670341	3.131562	
-1.394928	3.380551	
-2.423151	3.864422	
-2.429201	4.129610	
-2.737888	3.962933	
-2.543005	5.372987	
-0.821345	3.426443	
-1.692808	3.953988	
-2.068188	3.235975	
-1.663599	3.630790	
-1.906159	5.234233	
-2.444858	4.636557	
-1.308591	3.812664	
-1.930067	3.714536	
-0.973434	3.423257	
-1.775849	3.198329	
-1.524225	3.653426	
-1.967717	3.109272	
-1.178444	3.865838	
-2.566345	3.705831	
-1.319426	3.930795	
-2.355406	4.219203	
-2.713280	3.988815	
-3.145708	3.533805	
-1.741336	4.348975	
-2.565651	3.298629	
-2.148226	4.060851	
-2.099107	3.696493	
-1.739775	3.277937	
-2.066477	3.752919	
-2.153562	3.867608	
-1.636163	2.274887	
-1.095990	3.822915	
-2.385642	3.715584	
-2.136226	3.249686	
-1.780234	2.523200	
-1.545090	4.495668	
-1.392285	3.081067	
-1.693119	2.739860	
-1.003908	2.959617	
-1.961214	2.878256	
-2.713549	2.347665	
-1.108044	3.995383	
-1.885023	2.343637	
-2.392797	2.723306	
-0.885574	2.886714	
-2.422003	3.103462	
-1.709920	3.103391	
-1.922223	3.648763	
-1.976441	3.062081	
-1.348846	2.971169	
-2.430880	3.568778	
-2.967575	3.948089	
-2.834710	2.847067	
-1.346481	3.397915	
-1.818276	2.340395	
-2.536952	3.245454	
-0.875430	2.038384	
-2.032444	2.127391	
-1.641428	3.060083	
-1.422907	2.990757	
-2.736352	2.174889	
-2.378028	1.650629	
-1.591878	3.162922	
-1.425617	2.395949	
-1.429914	3.695991	
-2.112290	1.734052	
-2.753230	2.600156	
-1.052151	1.628561	
-1.131490	1.644549	
-1.722333	2.790942	
-1.670123	2.061189	
-1.420870	2.312610	
-1.529021	2.155138	
-0.428071	2.037355	
-1.021237	1.434354	
-1.621682	2.069815	
-1.492737	1.004622	
-1.405714	0.601814	
-2.497273	1.296591	
-1.295747	1.671285	
-2.402630	2.355629	
-0.834851	2.048153	
-1.594997	1.120231	
-1.436819	1.363298	
-0.860934	1.332879	
-1.181892	2.012730	
-0.745807	1.091854	
-1.692302	1.970076	
-0.929583	0.523427	
-0.148869	1.835447	
-1.088545	1.674851	
-0.212887	0.972815	
-0.783002	0.583718	
-0.335607	1.904650	
-1.537141	1.794745	
-1.437170	0.350960	
-0.707513	1.405461	
-1.138848	2.669555	
-2.107941	1.482259	
-0.744874	2.060890	
-1.077427	0.613601	
-1.395533	2.360050	
-1.646299	1.547178	
0.106670	0.969643	
-0.668864	0.753109	
-2.098531	0.003618	
-0.688932	1.235576	
-1.616588	-0.294663	
-1.545865	0.407439	
-1.469809	1.074439	
-1.522844	-0.170308	
0.086270	-0.417543	
-0.440998	1.098904	
-0.329158	2.018528	
-0.918010	-0.538143	
-1.261891	0.929073	
-0.751445	1.011937	
-0.645341	1.030572	
-1.458234	1.191393	
-0.350699	0.257075	
-0.723034	0.067684	
-0.933437	1.494971	
-1.350513	0.979152	
-0.920439	-0.153942	
-0.621780	0.151241	
-1.157535	1.208474	
-0.467192	1.183224	
-0.515576	1.470055	
-0.750440	-0.405164	
-1.361809	-0.143935	
-0.989434	-0.075119	
-0.642212	0.347267	
-0.557033	0.281770	
-0.020325	0.383105	
-0.293396	1.239851	
-0.386907	-0.412113	
-0.136250	-0.392421	
-0.066831	0.455001	
-0.230689	-0.317002	
0.003806	0.439138	
-1.216884	1.034665	
0.580592	-0.233836	
-0.112269	1.911011	
0.023310	-0.352981	
-0.117337	0.927974	
-0.265026	0.140420	
-0.400539	0.365470	
0.147337	0.166120	
-1.319022	0.716131	
0.202983	-0.405468	
0.601815	0.340409	
-0.071419	0.480467	
-0.046942	-1.286671	
0.641915	-0.152350	
-0.605988	-0.836990	
-0.045245	-0.213226	
0.092472	-0.024333	
-0.352042	0.369286	
-0.093218	-0.298436	
0.368891	0.528968	
0.904679	0.061210	
0.005882	0.038272	
-1.392375	-0.273436	
0.747551	-0.640056	
0.030427	-0.743153	
-0.221340	-0.567917	
-1.072760	0.853635	
0.241290	0.531743	
0.656958	0.143898	
0.879185	-0.139899	
-0.639754	-0.179026	
0.964737	-1.327657	
-0.563622	-0.032590	
-0.235174	-0.107078	
-0.269815	-0.397848	
0.019809	-1.353728	
0.013641	-0.698579	
0.267428	-1.086155	
0.498585	-0.425846	
0.159953	0.227070	
0.276143	-1.282691	
-0.494328	-0.507643	
0.951759	0.336739	
0.974586	0.635565	
0.719319	-0.778869	
0.969221	-0.315070	
0.740931	0.840792	
-0.508983	0.257525	
1.093082	0.141537	
1.733323	-0.187893	
1.444382	-0.031556	
1.380943	-0.557639	
0.685053	-1.486555	
2.019095	-1.343503	
0.457958	-0.623103	
1.616420	-0.334762	
1.596731	-0.476124	
0.588844	0.627025	
1.020565	-0.882424	
2.400906	-1.222473	
1.014198	-0.375701	
1.420034	-0.146796	
0.797423	-1.430559	
1.537755	0.085823	
1.426548	-0.362334	
1.498444	-0.512988	
1.363114	-1.684626	
1.708914	-0.258567	
1.284967	-0.912217	
1.064155	-1.523470	
1.254033	-1.380786	
1.923706	0.315516	
2.360788	-1.141967	
1.730993	-1.458556	
1.296014	-1.181946	
0.748661	-0.808730	
2.103765	-0.320951	
1.972426	-0.945622	
2.366785	-0.540934	
1.661432	-1.407381	
2.574779	-1.296095	
1.633203	-0.641982	
1.131277	-0.370332	
1.323987	-0.965686	
2.526550	-0.871491	
1.135629	-1.092555	
2.019731	-1.158230	
1.935356	-1.724971	
2.465225	0.166239	
1.348965	-1.546178	
1.799105	-0.589453	
2.188127	-1.118137	
2.617580	0.797986	
2.148491	-1.935954	
1.796345	-1.044233	
2.734405	-1.237921	
2.680294	0.146041	
3.344133	-1.889654	
1.344569	-0.489668	
1.397668	-0.130637	
2.966066	-1.797012	
2.619029	-0.983421	
2.675081	-0.119007	
1.252690	-0.775214	
2.447965	-0.416440	
2.196335	-1.546571	
3.064187	-2.213319	
1.946520	-1.502493	
2.425971	-1.216058	
2.519678	-1.868310	
2.731177	-1.789635	
3.465776	-0.480350	
3.281681	-0.633615	
4.212664	-1.172030	
2.638919	-1.030948	
3.004267	-1.621281	
3.504682	-1.364798	
2.694078	-0.246992	
4.024289	-1.118639	
2.602491	-0.295468	
3.915251	-1.379883	
3.914790	-0.900807	
2.349850	-0.515496	
3.273553	-1.516443	
4.284701	-0.787727	
3.510069	-1.172142	
3.095087	-1.110577	
2.734551	-0.484906	
3.994823	-1.369193	
3.388898	-0.574022	
3.134434	-2.303070	
3.794549	-2.379495	
3.487497	-1.716682	
3.131522	-1.618333	
3.178349	-0.757303	
3.398050	-1.306716	
3.913410	-0.026153	
2.987351	-1.877291	
2.600621	-0.934942	
2.675929	-1.862641	
4.777063	-1.028627	
3.942555	-0.567595	
2.775107	-0.409379	
4.363039	-0.451160	
3.770522	-0.807699	
4.027544	-0.668467	
3.720532	-2.245758	
4.574012	-1.050112	
3.540877	-0.986850	
3.278607	-1.383225	
3.722980	-0.883116	
3.683187	-0.963843	
4.371733	-1.112567	
4.013560	-1.752172	
4.025443	-0.641843	
4.381611	0.101514	
5.064974	-1.447123	
4.511107	-0.769062	
4.179817	-1.531257	
3.851697	-0.433229	
4.771184	0.237516	
5.455991	-0.852456	
4.732779	-0.440993	
2.728655	-1.148345	
4.051134	-1.156536	
3.518531	-2.105726	
3.724555	-0.629857	
4.266052	-0.952297	
3.904883	-0.417493	
4.698002	-0.653676	
3.878690	-0.094593	
3.750580	-0.223971	
2.986736	0.439532	
4.208725	0.152025	
3.770239	-0.529907	
4.203145	-1.160356	
4.973647	-0.905085	
4.118115	-0.914473	
6.022672	-1.218921	
4.209481	0.075267	
4.988922	-1.517522	
4.551213	-0.123873	
5.321636	0.644369	
5.696022	-1.157131	
6.434583	-1.115180	
5.572747	-0.486804	
5.891501	-0.519719	
5.780179	-0.803162	
4.704245	-0.464738	
5.289619	-1.567103	
5.613967	-0.486097	
5.235286	-0.713080	
6.163185	0.059047	
5.295461	-0.928048	
6.357376	-0.180257	
5.702339	-0.377093	
5.201002	0.157408	
5.614239	-0.688212	
5.627969	-0.485528	
5.438689	0.599396	
5.796626	-0.054201	
4.329853	0.418264	
6.171941	-1.231945	
5.290351	-0.921480	
5.565078	0.495561	
5.801918	-0.218930	
6.390454	0.337102	
5.632036	0.398019	
4.983658	-0.080575	
6.183215	0.430210	
5.802125	-0.239002	
6.456964	-0.214974	
5.558903	0.442859	
5.268450	0.024352	
5.586126	-0.697115	
6.667631	-0.480459	
6.208959	0.231116	
6.440029	-0.548616	
5.880340	-0.036718	
6.104954	0.205080	
6.306572	-0.214577	
5.703020	-0.056027	
6.165432	-0.162469	
5.718873	1.276486	
4.880807	-0.341392	
5.656049	-0.061978	
5.298634	-0.814842	
6.522516	0.629127	
6.069398	-0.242468	
5.453484	0.549646	
6.676555	0.266104	
6.308683	-0.215545	
7.207842	0.372874	
4.850144	0.490272	
6.427256	0.379612	
6.465844	-0.223899	
6.955293	0.152034	
5.465894	0.642686	
5.859421	0.133632	
6.793647	0.597189	
6.411342	-0.165495	
8.178630	0.224161	
6.403573	1.379418	
8.286128	-0.164525	
6.320629	0.510838	
6.800671	0.868929	
7.664704	0.312730	
6.514916	0.172075	
6.566829	0.339301	
7.536021	1.124025	
5.627473	0.803003	
6.835682	-0.086846	
7.024374	1.049687	
6.888024	0.947091	
6.349360	0.552897	
7.059417	1.001024	
6.107614	0.846898	
6.552586	0.362301	
6.764626	0.087176	
7.796677	0.894462	
7.078294	1.448479	
6.682073	0.814074	
6.500933	0.266818	
6.806923	1.018107	
7.328023	0.887691	
7.134312	1.279296	
6.259143	0.390343	
7.674649	1.712192	
5.367730	2.003499	
7.173143	1.008187	
6.496434	2.025236	
7.309995	1.499374	
6.452444	1.275848	
7.084175	0.601945	
8.182313	2.145869	
6.159636	1.029972	
6.382599	1.510076	
6.677250	2.558825	
6.738314	2.626283	
6.757260	0.846234	
7.789021	1.512320	
7.699913	1.072089	
7.279855	0.893656	
7.445736	0.651102	
6.760084	0.686668	
6.868908	1.732803	
8.718933	2.318214	
7.675525	1.677701	
6.304742	0.314478	
7.868381	1.012603	
8.438090	2.489233	
7.322237	1.221194	
8.229740	1.392276	
8.073753	1.484600	
6.312616	1.384422	
6.647211	1.593977	
7.687986	2.073204	
7.667602	1.535740	
6.442608	1.988161	
6.721931	2.595037	
7.854067	1.729475	
7.345920	0.549584	
7.570925	2.031203	
7.918374	2.098341	
8.364706	2.829187	
7.282737	3.294602	
7.271348	1.740567	
6.823942	2.454718	
8.373016	2.824743	
7.531167	1.897430	
6.917789	1.091243	
7.723721	2.178136	
7.999634	2.903327	
7.398525	2.209045	
7.400000	2.420347	
8.515901	1.125714	
8.389109	2.673882	
7.595111	2.346592	
8.737083	2.325892	
8.752765	1.819708	
8.276067	1.032782	
7.361416	2.147562	
8.273654	0.926000	
7.386316	2.973232	
8.108493	2.675821	
7.281409	3.657704	
7.919148	3.189196	
7.961753	2.812667	
8.371869	3.363480	
7.899841	2.626400	
7.731482	2.584342	
9.490729	2.671049	
7.864957	1.789197	
7.789422	2.635608	
8.779153	3.557974	
6.684015	3.559362	
8.231238	2.633109	
7.061012	3.039967	
8.779498	2.368893	
8.601614	2.808196	
7.781708	2.627321	
8.021697	2.139947	
8.923045	2.917629	
8.450006	3.552557	
7.315619	3.018181	
8.269960	2.102981	
7.677489	3.724474	
8.273538	3.377694	
7.309845	3.611214	
7.803278	2.396353	
8.468289	2.742039	
8.601251	3.278904	
7.759403	4.257547	
8.251980	4.318102	
8.317652	3.639541	
9.175490	3.081917	
7.090660	3.432320	
8.516479	3.080095	
7.514637	3.490341	
8.193363	4.836140	
7.114771	3.037182	
7.863878	3.261867	
7.158780	4.682648	
7.650107	4.210287	
7.775277	4.553780	
8.723228	3.982073	
8.279836	2.656165	
7.513327	3.938882	
12.952012	2.652024	
12.506955	3.518334	
12.472589	3.242810	
13.812448	4.597061	
12.099020	4.474490	
13.565065	4.715761	
13.298428	5.195688	
13.395153	3.232364	
14.131733	4.915153	
13.499162	4.165199	
12.755653	4.128405	
12.607543	4.863610	
12.782568	3.621987	
12.802362	5.088722	
12.498621	4.900755	
13.427058	4.979004	
13.159949	5.757551	
12.194322	4.546861	
12.888352	6.215282	
12.379216	4.329015	
12.921587	5.503497	
13.006113	4.694558	
12.740277	4.699641	
13.196199	4.998172	
13.421068	5.426266	
11.959547	4.710407	
11.613968	6.020960	
11.106188	4.699267	
12.061561	5.332739	
12.476933	5.285166	
12.021918	6.527457	
12.040885	6.293356	
13.267010	5.696244	
13.203210	6.201620	
13.452436	5.491140	
13.377826	5.834931	
11.938168	7.061680	
13.526355	6.058610	
12.317194	6.236209	
13.991790	6.866330	
12.795532	6.219325	
12.933018	7.097907	
12.355790	6.574542	
12.603281	6.527816	
13.257875	6.106668	
12.080489	6.465551	
12.302479	6.593792	
11.834877	6.198661	
12.682824	6.642433	
12.850119	7.235828	
13.765577	7.047064	
13.479366	7.030038	
13.014307	6.313994	
12.843852	6.864139	
13.285834	6.892357	
13.878317	7.575474	
13.199573	6.637996	
12.833880	7.607613	
12.008538	7.579644	
11.998745	6.928390	
12.146507	7.554268	
11.758365	7.647483	
12.548744	8.150451	
12.734126	7.613773	
11.940042	8.599838	
12.924723	7.861768	
10.973703	7.604941	
11.694670	7.126042	
11.472724	7.907394	
11.814797	8.426666	
12.236918	8.171940	
13.186901	8.428079	
12.287833	9.216193	
12.178974	7.887811	
12.367582	8.948710	
12.300700	8.072271	
10.595332	8.887583	
11.198112	7.355655	
11.580480	8.949348	
11.327729	7.882487	
11.381011	9.889030	
12.133187	9.257910	
10.152944	9.238846	
11.681123	8.964093	
11.545643	10.286026	
10.805042	8.807691	
11.194700	9.775292	
11.417522	8.318915	
11.351127	8.295308	
10.869135	9.640642	
12.030125	9.156654	
11.009167	8.237727	
11.373606	10.807514	
12.513218	9.543077	
11.937588	9.757165	
12.472990	9.613748	
10.659816	9.164047	
11.820181	9.806734	
11.043358	9.409737	
10.997049	10.562232	
12.160305	9.332166	
10.703861	11.278999	
10.884258	9.594494	
10.786611	9.727597	
11.333293	10.041107	
10.723394	9.683222	
10.502167	11.382270	
11.122360	9.680735	
9.047045	10.133728	
11.022953	10.994419	
10.201950	10.720553	
10.730537	9.749140	
10.644252	10.615789	
9.277266	9.911098	
10.773589	11.598120	
11.367251	10.817662	
9.373232	10.352340	
11.012775	11.202258	
10.467850	10.359445	
10.975586	11.448860	
9.683275	11.532482	
9.994246	10.126749	
9.486643	10.868411	
10.849577	10.961545	
8.892917	10.738518	
9.465944	9.855329	
10.071143	10.441164	
8.212167	11.083397	
8.699486	12.035554	
10.380457	11.606633	
10.057247	11.591742	
10.227272	10.959343	
10.149059	11.106711	
9.087197	12.070986	
8.590906	11.431346	
9.625541	12.146568	
8.509336	11.361469	
10.338336	11.284433	
10.493626	10.155707	
9.938256	10.603960	
9.328102	12.389449	
10.200315	12.664716	
8.771713	12.404144	
9.047887	12.426812	
9.108955	12.107274	
10.241697	10.910545	
8.511225	12.907237	
9.682420	11.461476	
8.514298	11.689434	
9.150680	11.414426	
9.585787	12.723592	
8.494929	11.950672	
8.466837	12.736416	
8.705371	12.994910	
8.376798	13.144658	
9.153614	11.575085	
9.023338	12.170357	
8.819684	12.485130	
7.563985	12.482386	
8.987153	13.166294	
8.924482	13.161129	
7.971757	13.021561	
8.645929	11.679367	
8.483401	13.038805	
8.258754	11.619059	
8.358039	11.849449	
7.882273	11.893217	
7.985099	12.131074	
8.166151	12.424994	
7.997980	12.739454	
8.229315	12.990985	
8.460902	11.923677	
8.860393	12.225123	
7.795329	13.151880	
7.884347	12.433405	
8.461002	13.599447	
8.494535	13.750267	
6.941281	12.294282	
7.302847	12.818470	
7.401306	13.304626	
5.742256	12.883289	
7.194118	13.512529	
7.355064	13.851442	
7.106297	14.203702	
7.068339	13.760544	
7.255573	13.644624	
6.611407	13.550540	
5.981863	13.142406	
6.339260	12.977051	
6.014041	12.846601	
6.986328	12.341589	
6.738788	13.342025	
5.908627	14.371175	
6.084335	13.478399	
6.862091	14.174048	
5.592382	13.808949	
5.446113	13.638221	
6.370659	12.367128	
5.252611	12.898629	
6.214077	13.246282	
5.551309	12.819976	
6.239406	13.793788	
6.340105	13.945544	
5.500761	11.901806	
6.510217	13.732342	
5.296999	13.776521	
6.045050	13.181950	
5.100292	12.095850	
4.555482	13.703158	
5.864869	12.756719	
4.645169	13.370945	
5.246548	13.744978	
5.914054	13.151160	
5.333152	14.437605	
4.635348	14.029694	
4.919985	14.363261	
4.979166	13.657439	
4.886174	13.673335	
5.292376	13.524503	
4.783200	14.418643	
5.299567	12.746756	
3.958403	14.347488	
4.990497	13.528708	
4.042993	13.548539	
5.377484	13.896349	
4.352360	13.953678	
4.743102	13.407574	
4.575937	13.043269	
4.394637	14.539400	
5.789841	14.065962	
4.183340	14.328009	
4.199057	13.645545	
3.872285	13.917155	
4.299440	13.675920	
5.044634	14.801210	
2.504510	12.913111	
4.035370	13.003816	
3.493056	14.299349	
3.540170	15.148249	
2.291272	14.656275	
3.244245	13.833310	
3.235041	14.034176	
3.800634	12.917434	
2.730987	14.148308	
2.615206	14.153756	
3.373354	14.497109	
2.065720	14.328213	
2.949901	13.935478	
3.136758	13.837259	
2.666598	14.301381	
3.473322	13.956030	
3.174338	15.116950	
1.889585	13.950468	
2.781773	14.096769	
3.186699	12.786931	
3.009440	13.060731	
2.612727	13.595719	
3.078490	15.738761	
2.115483	13.837895	
3.202286	13.145649	
1.989884	15.460207	
2.780552	14.031595	
2.187139	13.933023	
2.366029	14.047639	
2.689390	14.467462	
2.717458	13.769136	
2.203503	14.495589	
1.763066	14.449093	
3.304873	13.974267	
1.871267	13.817599	
0.791267	14.188849	
3.201395	14.596497	
1.296956	13.317751	
2.239596	13.722166	
2.238187	14.602991	
0.968422	13.545782	
1.437035	13.636218	
1.282744	14.812682	
1.201277	14.010018	
0.856056	13.885586	
1.296815	13.508474	
0.206492	13.587088	
-0.028669	14.056367	
0.541411	14.336036	
0.608002	13.353809	
1.367463	13.784867	
1.046933	14.382657	
1.318388	13.792712	
0.242781	13.022816	
0.622157	13.830590	
0.609180	14.918760	
0.144051	14.988833	
-0.042494	13.707675	
0.931649	13.139384	
0.956963	12.180005	
1.227277	14.647750	
0.866485	14.406523	
0.199324	13.626668	
-0.187537	13.574366	
-0.547563	15.123387	
-0.604451	13.337853	
-0.073879	13.747171	
-0.269985	12.800861	
-0.739120	13.154347	
-0.431091	14.075261	
-0.077982	13.312320	
0.162966	14.395019	
0.224189	12.818070	
-0.000662	13.498369	
-0.017381	13.497729	
-0.956134	14.108111	
-1.545591	13.223527	
-0.744576	13.721564	
-1.332217	12.816148	
-1.273800	13.001512	
-0.296700	12.310846	
-0.741174	12.677507	
-1.522713	13.468359	
-0.674574	12.772699	
-0.899908	13.523836	
-1.090709	13.668575	
-0.538172	13.256801	
-0.392460	12.232981	
-1.756301	12.513323	
-2.682815	11.840542	
-0.409057	12.805657	
-1.765276	11.747254	
-2.054782	12.220367	
-1.229927	12.758016	
-0.253708	12.255611	
-1.661800	12.215957	
-1.763217	11.498544	
-2.043250	12.276587	
-1.820062	11.966016	
-1.026162	12.175982	
-2.322878	12.855005	
-1.182295	12.436249	
-0.948356	11.244806	
-2.738751	12.665068	
-1.931669	12.272100	
-2.572054	12.087771	
-1.171064	11.668805	
-2.237541	12.303713	
-3.235841	12.671806	
-1.366165	12.834608	
-2.138153	11.994496	
-2.348944	13.603710	
-2.926098	11.976376	
-2.795752	11.248008	
-2.777314	10.702316	
-3.052523	13.348811	
-2.914753	11.820467	
-3.295231	10.656507	
-3.361788	11.550641	
-4.421997	12.580237	
-2.749220	11.736201	
-3.486509	11.656613	
-4.319149	12.403702	
-3.402591	11.892370	
-3.435691	12.718591	
-3.514424	11.972575	
-3.002535	11.640341	
-3.307802	11.853619	
-3.587061	11.869410	
-3.837671	11.742792	
-3.010484	12.222395	
-1.871729	12.511348	
-4.429764	11.672756	
-3.167208	11.267926	
-4.283424	11.820837	
-4.547707	10.292895	
-3.238965	10.675226	
-3.779537	10.413496	
-4.577056	11.498585	
-4.052620	11.205040	
-4.768216	11.438499	
-3.473171	11.793598	
-4.041426	11.353765	
-4.426762	10.905027	
-5.289618	9.954098	
-4.336257	10.623620	
-4.660562	11.135685	
-4.399632	11.158092	
-4.318644	10.965294	
-3.400074	11.057105	
-6.118434	10.372749	
-4.500977	10.206131	
-4.622265	8.733672	
-5.257536	10.460981	
-3.738088	9.622680	
-5.044470	9.524093	
-4.525948	10.294811	
-4.765048	11.109190	
-4.985711	9.800667	
-4.892383	10.503174	
-4.701092	10.743514	
-4.760203	9.469841	
-4.534658	10.179910	
-5.199131	9.316685	
-5.017509	9.684901	
-5.487064	9.365459	
-4.964500	8.839633	
-5.260867	10.606106	
-5.214394	8.486885	
-4.397259	9.005184	
-4.925416	9.910383	
-5.237874	10.341982	
-4.647408	8.602917	
-6.001073	8.927031	
-4.589225	9.175198	
-5.083922	9.719286	
-6.209249	9.468030	
-5.294839	10.123489	
-5.512565	8.832766	
-4.901822	8.328656	
-5.919306	9.212234	
-5.429224	7.965987	
-6.119332	7.812943	
-5.880000	9.371876	
-5.174842	9.479042	
-6.321975	8.651428	
-5.188320	10.033708	
-6.392464	8.826672	
-6.413029	8.236627	
-6.404880	9.453975	
-5.956635	8.211982	
-5.421468	7.680953	
-4.931993	8.672835	
-6.036183	9.305538	
-6.298117	7.745105	
-6.740899	8.957154	
-6.110738	8.484000	
-6.483225	7.810404	
-5.998083	7.108451	
-6.203117	7.530989	
-5.869854	8.631429	
-5.820184	7.949070	
-6.052076	8.530139	
-6.313054	7.615338	
-5.285054	6.992570	
-5.998439	7.673814	
-6.563387	8.654908	
-6.294791	7.472634	
-6.381196	7.567177	
-6.058207	9.174041	
-6.614138	8.546844	
-6.324449	7.957488	
-6.586231	8.520846	
-6.677110	7.999831	
-6.332326	7.665463	
-5.931154	7.656491	
-5.485797	6.116184	
-6.372622	7.538735	
-6.656812	6.141250	
-6.394771	8.163629	
-6.910180	7.046803	
-7.687086	7.344647	
-5.254341	6.939050	
-5.706817	5.966610	
-6.025836	5.486712	
-8.141440	7.043327	
-6.370205	4.864739	
-6.664687	5.570971	
-6.785523	5.616659	
-5.920740	7.543959	
-6.705375	6.772252	
-6.706471	5.912954	
-5.525415	4.976662	
-7.003539	5.995431	
-6.769697	6.190596	
-6.591973	6.237162	
-6.894289	5.608070	
-6.516814	5.841491	
-6.188662	6.206738	
-7.200978	4.940046	
-7.229551	5.697093	
-6.485395	5.300561	
-6.528809	5.587073	
-7.048832	4.983126	
-6.931070	4.833498	
-6.889751	6.192221	
-6.833760	5.456777	
-6.786163	4.712819	
-6.820960	5.754847	
-6.928582	5.996835	
-6.379259	4.757982	
-6.375824	5.874898	
-8.684742	4.618396	
-7.456220	4.882080	
-5.817979	4.711387	
-6.950349	5.874966	
-6.547889	5.290718	
-6.562268	3.686540	
-6.840560	4.551118	
-5.547777	4.220844	
-6.167819	4.700841	
-7.153957	4.765055	
-6.069463	2.983037	
-7.154285	4.520474	
-6.903339	4.027077	
-6.184493	3.660416	
-8.382311	4.239338	
-6.458428	4.582902	
-7.686544	3.866658	
-6.900567	4.596386	
-7.199893	3.218813	
-6.678931	4.191857	
-6.593042	4.468337	
-6.301432	3.324894	
-6.545949	2.922954	
-7.000566	2.453267	
-6.695717	2.772580	
-6.403355	3.781284	
-6.313050	4.068009	
-6.426810	2.476095	
-7.057771	4.179027	
-7.928748	2.060503	
-6.944956	3.256238	
-7.607066	2.317715	
-6.529872	1.996001	
-7.416526	3.519582	
-5.991711	2.695433	
-6.299431	3.104340	
-7.068001	2.252721	
-6.282481	2.131299	
-7.352228	1.937731	
-5.983534	2.717767	
-5.608164	1.887323	
-6.829749	2.000496	
-7.363377	3.095024	
-7.009932	1.684528	
-6.429270	2.019304	
-7.352118	2.386904	
-7.087546	3.069771	
-7.264532	1.747303	
-5.912963	2.163118	
-6.591744	1.443831	
-7.074477	0.586121	
-7.394105	1.496966	
-5.227224	0.272286	
-7.156222	1.112582	
-6.539489	1.341462	
-6.473258	1.468326	
-6.593081	0.715727	
-7.124431	1.224780	
-6.420140	1.135686	
-6.602295	0.784279	
-6.961913	0.776157	
-6.655121	0.625001	
-6.585168	1.323463	
-6.373040	0.004008	
-6.273289	1.483881	
-5.242801	0.806409	
-6.471839	1.181347	
-6.031107	1.609130	
-6.230791	-0.186945	
-5.484038	0.562360	
-7.048131	0.755224	
-6.929817	0.321638	
-6.120749	0.781834	
-6.455823	0.588032	
-6.182993	-0.441118	
-5.993988	-0.104812	
-6.734299	0.028573	
-5.592038	0.329147	
-6.578297	-0.690604	
-5.237110	0.138139	
-6.108722	0.223900	
-6.634396	-0.641543	
-7.044510	0.312918	
-6.136481	-0.404182	
-6.897260	0.484898	
-5.568714	-0.988281	
-5.600901	-1.724575	
-6.624813	-1.016221	
-5.005644	0.278306	
-6.156133	0.428674	
-6.673171	-0.644545	
-6.487572	-0.534578	
-4.983502	-0.566529	
-5.051294	-0.174581	
-5.815164	-0.689842	
-7.198355	-1.125961	
-5.573306	-1.187857	
-6.050422	-0.861640	
-5.607181	-2.357158	
-5.465483	-1.308138	
-5.587334	-1.573470	
-4.449329	-1.503922	
-5.932220	-0.196751	
-5.123280	-0.801912	
-6.386964	-2.409853	
-5.218587	-2.620717	
-4.400611	-1.330885	
-5.823446	-1.056613	
-4.365659	-0.833101	
-4.662050	-1.844626	
-5.999335	-1.533579	
-4.685897	-2.515719	
-5.602074	-1.235784	
-4.993195	-1.447839	
-3.980528	-2.741618	
-4.548333	-1.608052	
-5.757983	-2.166460	
-5.002542	-1.965841	
-4.234438	-2.706510	
-4.882171	-3.319758	
-4.605471	-2.102364	
-5.321258	-2.101332	
-5.157950	-1.688972	
-4.571388	-2.277878	
-4.791257	-2.437194	
-4.158216	-2.805750	
-5.423931	-2.911392	
-4.555163	-1.760566	
-3.864209	-3.569342	
-4.081329	-3.058419	
-3.627999	-3.385590	
-5.068021	-4.146791	
-5.167671	-3.148388	
-4.707581	-3.362985	
-4.953068	-3.194650	
-4.273999	-2.775366	
-4.733948	-2.058020	
-4.426353	-2.785455	
-3.639264	-2.960128	
-3.978256	-2.448785	
-4.621371	-3.214886	
-3.181178	-4.392838	
-3.605531	-3.494241	
-3.621982	-2.925183	
-4.531820	-3.722977	
-4.161488	-2.881631	
-3.236699	-3.693291	
-3.731560	-3.081309	
-3.258375	-3.425447	
-3.016441	-2.751302	
-3.108673	-3.917668	
-3.176458	-3.023439	
-3.127195	-4.214092	
-2.250239	-3.441856	
-3.689980	-3.967307	
-3.976423	-4.471433	
-4.453038	-3.876138	
-3.038412	-4.162562	
-3.421546	-3.633961	
-2.709183	-3.835386	
-2.664956	-3.214289	
-3.475213	-2.957035	
-4.476213	-4.010382	
-1.768860	-4.827500	
-3.215202	-3.753051	
-2.408819	-3.408273	
-2.667546	-3.805107	
-2.409056	-4.185875	
-3.226585	-4.036354	
-2.665272	-3.486668	
-3.033155	-3.915158	
-2.439294	-5.050510	
-1.598923	-5.436907	
-2.464177	-3.013251	
-2.983858	-3.894868	
-2.228042	-5.022206	
-2.324044	-5.129656	
-2.160004	-3.980869	
-2.480025	-4.995862	
-2.438678	-5.429030	
-1.828331	-3.626215	
-2.797046	-5.501104	
-1.914112	-4.196087	
-1.881856	-3.115450	
-2.253058	-3.946983	
-1.488813	-3.959124	
-1.522777	-6.010480	
-2.577465	-4.047640	
-1.388357	-5.728972	
-2.118395	-4.628909	
-2.009871	-5.353407	
-1.979960	-5.554258	
-2.455398	-4.578406	
-0.786287	-5.437600	
-0.389318	-5.191771	
-0.691509	-5.118553	
-1.724760	-4.682793	
-0.479839	-5.424412	
-0.883822	-5.596984	
-0.445654	-6.049135	
-0.280368	-5.447244	
-0.164952	-6.353250	
-1.737749	-4.469736	
-0.089046	-5.014159	
-0.722009	-6.026539	
-0.142142	-5.639473	
-0.739003	-5.368669	
0.469178	-6.056513	
0.190337	-5.101450	
0.040397	-6.142793	
-0.815270	-5.591224	
-0.625945	-5.568054	
0.872094	-5.185652	
-0.635498	-6.726230	
-0.505374	-5.615751	
0.521389	-4.948638	
-1.151086	-5.739633	
1.110000	-6.306963	
0.540024	-4.447463	
0.604859	-6.172196	
0.372123	-6.660205	
0.852426	-4.961173	
-0.143479	-5.447127	
0.780846	-5.718287	
0.177017	-6.002931	
1.053099	-6.668526	
1.373624	-5.575573	
0.626567	-5.700223	
0.507133	-6.824954	
1.403558	-5.319800	
0.420941	-5.677717	
0.987478	-5.601521	
1.159598	-5.548733	
0.452863	-6.113510	
1.569766	-5.329178	
0.897273	-5.701338	
1.421492	-6.197958	
0.547631	-6.432471	
1.679253	-6.172081	
1.219290	-5.606787	
2.000966	-5.871267	
1.388412	-5.899411	
2.150094	-5.297487	
1.734291	-5.636640	
1.895824	-6.139872	
2.108426	-5.784045	
1.593200	-5.296736	
2.630042	-5.568160	
1.794288	-6.266309	
2.250010	-5.939879	
0.509475	-4.927550	
1.908134	-5.714746	
1.784719	-7.098272	
2.184734	-6.179024	
2.717158	-5.992994	
3.155003	-8.224510	
2.883662	-5.519434	
2.857951	-6.220062	
2.939115	-6.416736	
2.490826	-5.137658	
3.858458	-6.635113	
3.419594	-6.042209	
3.070922	-5.092906	
2.801680	-6.401887	
3.311106	-5.850172	
2.228184	-5.128280	
3.716287	-5.823385	
3.038966	-7.320529	
4.010866	-5.051958	
3.283405	-5.006308	
3.959238	-5.321100	
3.262564	-5.913102	
3.402884	-7.352041	
3.884772	-5.431139	
3.718533	-6.377765	
3.057687	-5.581889	
5.018103	-7.091909	
4.084302	-5.496241	
3.367955	-5.397355	
3.570271	-6.745749	
4.392890	-6.456996	
3.820569	-5.106379	
5.252593	-5.499016	
3.999454	-6.913697	
3.629918	-5.429632	
3.502720	-5.704543	
4.466869	-5.662292	
4.103959	-5.711690	
4.601878	-5.850362	
4.613598	-5.947750	
5.128067	-6.195789	
4.188243	-5.907394	
3.985907	-6.140996	
5.796094	-5.385176	
5.629297	-6.065753	
5.908878	-5.105804	
5.308889	-6.455388	
5.375949	-6.492344	
5.636877	-5.738945	
5.969081	-5.754609	
5.269537	-5.926695	
5.735157	-5.308213	
4.524464	-6.034025	
6.040523	-6.306778	
5.787791	-5.556121	
5.989184	-6.121158	
4.911421	-5.741095	
5.376468	-5.122506	
6.385861	-5.025571	
5.411223	-5.104252	
6.099366	-5.943867	
6.097646	-5.520880	
6.372465	-5.706022	
5.624032	-5.924072	
6.743554	-5.347857	
6.414423	-4.684394	
5.359077	-5.538522	
6.052366	-5.358254	
6.128206	-5.449688	
6.543082	-5.894803	
6.517136	-6.139325	
5.912362	-5.349382	
5.843925	-5.178730	
6.934593	-5.372009	
6.744779	-4.602822	
7.471777	-5.513644	
7.767485	-5.175964	
6.566037	-4.119485	
6.729414	-4.390327	
6.868032	-5.903251	
6.315170	-4.682350	
7.654564	-4.662415	
8.466697	-5.465746	
6.681750	-5.182852	
7.414248	-4.447357	
7.178058	-5.484368	
7.469052	-4.988429	
7.902912	-4.062051	
7.645664	-4.609605	
7.551594	-4.667450	
7.333813	-4.646999	
8.937817	-4.296154	
6.803774	-4.134002	
7.867416	-4.243602	
8.054216	-4.234681	
8.029075	-4.420091	
7.151858	-3.825797	
8.257240	-5.998321	
7.436225	-3.707642	
8.137899	-5.745421	
9.326750	-4.898508	
8.399769	-4.135511	
8.511475	-5.405806	
7.875125	-5.670180	
8.785973	-4.056337	
7.748198	-4.428372	
9.274981	-3.913744	
9.004932	-4.139954	
8.278153	-3.477723	
8.687996	-3.104830	
8.115388	-3.662061	
9.523562	-4.621369	
9.859833	-3.927448	
9.544648	-4.344203	
9.100288	-3.955805	
8.436670	-3.648314	
9.347484	-4.271807	
9.349345	-3.964213	
7.948201	-3.395412	
8.936657	-2.467849	
9.113618	-3.267064	
9.032229	-3.666803	
8.424586	-3.536591	
9.818789	-3.913015	
8.576259	-4.256298	
8.408468	-3.470682	
9.372869	-3.555483	
8.530144	-3.254333	
9.570084	-4.074897	
9.039844	-2.087021	
8.692613	-2.112345	
9.801751	-2.863878	
10.316374	-2.838178	
10.578782	-2.582812	
9.566505	-2.743151	
10.449641	-2.891552	
10.026288	-3.154874	
8.522099	-1.841198	
9.846994	-3.217535	
10.084481	-4.105087	
8.676446	-2.478707	
11.062676	-4.430693	
10.302771	-2.844141	
10.146474	-2.532382	
10.460473	-2.846511	
10.233452	-1.846327	
9.110850	-3.984371	
11.134557	-1.787226	
11.432568	-2.816632	
10.019874	-3.244003	
10.420564	-2.088411	
9.668073	-2.974804	
9.636361	-2.329750	
12.018418	-2.116406	
11.029639	-3.558876	
10.387560	-2.631235	
11.424842	-1.856098	
11.732823	-2.408562	
10.228049	-2.238274	
10.241780	-1.896791	
9.912503	-1.907494	
11.152950	-1.270879	
12.252419	-1.657511	
10.638267	-3.155689	
11.143593	-1.535911	
11.071826	-0.569513	
10.908086	-1.330308	
10.655083	-1.511144	
10.971862	-1.863550	
10.602703	-1.437337	
11.813926	-1.513170	
11.112408	-1.757737	
11.304072	-0.826814	
11.755336	-0.763709	
11.678289	-1.710480	
12.149651	-0.965565	
11.720690	-1.199195	
11.617264	-1.186932	
11.128299	-1.696858	
11.557891	-1.766821	
11.774938	-0.782829	
12.750243	-0.555547	
11.300525	-1.090052	
11.259286	-0.586064	
11.280421	-0.636936	
10.975218	-0.140995	
10.598683	-0.983348	
12.959852	-0.420054	
11.552618	-0.526744	
12.540159	-1.055828	
12.048265	-0.432077	
11.622125	0.074121	
11.072269	0.204880	
11.957949	-0.735580	
12.939695	-0.566491	
12.059112	-1.094257	
12.321639	0.007593	
12.032241	-0.863769	
12.619401	0.835752	
12.119370	-0.237665	
11.641709	0.876387	
12.498449	0.674848	
13.339964	-0.157911	
11.814237	0.212021	
12.959520	-0.376146	
12.146531	-0.187301	
11.621230	-0.306372	
11.843582	0.740334	
13.070694	0.671153	
11.468749	1.398392	
13.068057	0.934096	
13.517484	1.743050	
12.405355	0.561178	
13.723457	0.136081	
12.171561	0.629954	
12.135388	1.376546	
12.486428	1.113451	
12.865550	0.883148	
12.248390	0.701253	
13.294888	2.728121	
12.943927	1.428991	
12.009305	1.492138	
12.220694	1.084459	
13.010370	2.317508	
12.844113	2.535124	
12.948880	1.484726	
12.316621	1.541331	
12.351848	1.727202	
13.219970	2.018594	
12.845917	0.892153	
12.902707	1.463699	
11.597279	2.088684	
12.408897	2.338665	
13.061559	2.334674	
12.986337	2.163902	
12.488281	2.446471	
12.190274	1.955785	
12.990784	2.357849	
13.224531	2.913198	
11.792114	2.120423	
11.693073	2.162335	
13.098816	1.335541	
12.352048	3.432588	
13.198008	2.769977	
11.174971	3.041174	
12.868709	2.012292	
12.397908	3.826932	
13.410863	2.799824	
13.330044	3.810773	
13.235190	2.921151	
12.816685	2.560679	
13.820901	3.255644	
12.210067	2.883861	
12.901475	3.282632	
12.645925	3.452385	
12.900041	2.864452	
13.808736	3.543810	
12.650279	3.236434	
14.118124	4.156313	
13.259590	3.912340	
13.835810	3.778884	
13.343485	4.615982	
12.205456	3.495334	
